1 4 02946921 990a058fbb51c655d773a8448a79e14c
2 0 02992529 427e06d425b901be5c0be177939e290
3 0 00000000 b2861185931876e1e1f2a1daf140ac9f
4 4 02946921 a70947df1f1490c2a81ec39fd9664e9b
5 3 02942699 a9408583f2c4d6acad8a06dbee1d115
6 0 03211117 324ef9fa783f6fa3a70ed7ac6903e853
7 4 02946921 bea7315d4410d0ce83b1cdcee646c9a4
8 2 02880940 6a772d12b98ab61dc26651d9d35b77ca
9 3 02942699 5265ff657b9db80cafae29a76344a143
10 5 03642806 ca98fa6fe9c91b8b8b0a7ba4456e7659
11 0 00000000 bdc8060a937278f25b6b4dd555e889f9
12 3 02942699 a3c9dcaada9e04d09061da204e7c463c
13 1 02876657 47ede0c10e36fe309029fc9335eeb05c
14 2 02880940 13e879cb517784a63a4b07a265cff347
15 0 02992529 4303a97b71a1bb894208dfa1c5fa1065
