1 3 02942699 5265ff657b9db80cafae29a76344a143
2 0 03211117 45cae393b431f75e8873c005ead1ead8
3 0 02954340 d7de36db04c61722a52821bf1aa3b19a
4 0 03211117 385b89320cb3db4b958a493036fc8628
5 0 03211117 2a2369e8b0a139f67230cc2111ecdc77
6 3 02942699 cd5fd9a2bd6792ad318e2f26ee2da02c
7 1 02876657 908e85e13c6fbde0a1ca08763d503f0e
8 4 02946921 ebcbb82d158d68441f4c1c50f6e9b74e
9 0 02954340 d7de36db04c61722a52821bf1aa3b19a
10 5 03642806 be6af6c0bdaee6e06ec6fb380960ec65
11 2 02880940 13e879cb517784a63a4b07a265cff347
12 0 03211117 609dffc42c3507212492d8a3aa63f4f5
13 0 02954340 30be60f95e2a3b47a6e67635b9d1cee5
