1 0 00000000 d3ba7967cea5550405f236096897d
2 0 00000000 68a77b120dd7a73b362845c6edb57fc
3 1 02876657 40e5d2c6e9e9cbbf5cafd3b1501bc74
4 6 03797390 7d6baadd51d0703455da767dfc5b748e
5 6 03797390 8570d9a8d24cb0acbebd3c0c0c70fb03
6 0 02954340 a444fff8c769de616a10eb60523df1e9
7 0 02992529 67baf038e83456967f521a3dcd28e9d2
8 5 03642806 b51683c6285fa0f69067ac5c9d4ee692
9 6 03797390 6e884701bfddd1f71e1138649f4c219
10 5 03642806 461b3592ac4674cbd2079b28d473791b
11 3 02942699 9726bf2b38d817eab169d2793795b997
