1 0 03211117 478dded38f3f8d52934a98c0476fcf4b
2 2 02880940 a29f53390194166665c638ab0bc6bc66
3 1 02876657 541c4dc1d1b42978648ed39e926e682f
4 0 02992529 ccf2058300cac188639e45fae4b57d2f
5 0 02992529 1d53adf8f82d223db0a79e28606cb167
6 6 03797390 b4ae56d6638d5338de671f28c83d2dcb
7 0 03211117 288a8917e51c57deb0957d845ac33749
8 0 02954340 1fc6f3aebca014ab19ba010ddb4974fe
9 0 02992529 7f756e697cd03ac821844676433a0aca
10 1 02876657 8e20da9c3f63ac2ce902acf138e668e2
11 2 02880940 429a622eac559887bbe43d356df0e955
12 2 02880940 ce48ffb418b99996912a38ce5826ebb8
13 0 02992529 9952f0dc41b20fcfdd5b23028b480cc3
