1 1 02876657 44dae93d7b7701e1eb986aac871fa4e5
2 0 02992529 5bc22a940bd88a21886d9e4484b773bf
3 6 03797390 659192a6ba300f1f4293529704725d98
4 2 02880940 3bedfd655c45c6747bc26b16f550876f
5 6 03797390 a0c78f254b037f88933dc172307a6bb9
6 6 03797390 9c930a8a3411f069e7f67f334aa9295c
7 0 02992529 a3f4cae960ac74babc54d4bc75a1a826
8 0 02992529 205b1494d7d3448e21844676433a0aca
9 6 03797390 3093367916fb5216823323ed0e090a6f
10 5 03642806 535edbd064647a2d21c4ab26dcc5566
11 4 02946921 dc815e056c71e2ed7c8ed5da8582ce91
