1 5 03642806 3934cb69fe3584ef8f6cc6fefa15515a
2 0 00000000 908bae8a91cc3af72a38aae7db90ad57
3 0 02954340 3a666502c0432522a3340564b56a7f70
4 0 00000000 ff43ef647c75b5a4fcb8d8c6d4df8143
5 0 03211117 6856b84c3a8463e3d5f7c62c7dfe63f9
6 4 02946921 dc815e056c71e2ed7c8ed5da8582ce91
7 2 02880940 bec41cc7f631e00b1bf40e92cbe8569f
8 1 02876657 9f50b2ddbcc2141cfa20324e30e0bf40
9 0 03211117 1c47397db49047b9d35d1c787a8f626e
10 6 03797390 7d6baadd51d0703455da767dfc5b748e
11 0 03211117 10953ef61c72aacccd14781dae25affc
12 1 02876657 8a980192662f95b84f42eadbd9a0b820
13 5 03642806 535edbd064647a2d21c4ab26dcc5566
14 2 02880940 92f04b8d36c98d18221d647283ba1e26
