1 6 03797390 9278005254c8db7e95f577622f465c85
2 3 02942699 4700873107186c6e2203f435e9e6785
3 3 02942699 d9bb9c5a48c3afbfb84553e864d84802
4 0 00000000 977d172a08113bdc1082f2ea630bf69e
5 0 00000000 3243edb05f5e8803ac61a2f8346a8f
6 0 03211117 246f0b722dff7f16fb7ec8bd3f8b241d
7 4 02946921 a70947df1f1490c2a81ec39fd9664e9b
8 2 02880940 4bf56e6a081c2a85a11f6bacf5c7662d
9 5 03642806 6146d9fd9460370c578b3fc82443ab96
10 6 03797390 61c10dccfa8e508e2d66cbf6a91063
11 1 02876657 1349b2169a97a0ff54e1b6f41fdd78a
