0.999443 -0.0323143 -0.00839114 0.594781 
0.0322287 0.868227 0.49512 0.519501 
-0.00871404 -0.495114 0.868784 -0.55341 
0 0 0 1 
0.999354 -0.0340121 -0.0116485 0.594294 
0.0353111 0.867721 0.495796 0.519659 
-0.0067554 -0.495887 0.868361 -0.554199 
0 0 0 1 
0.99936 -0.0331135 -0.0135341 0.593157 
0.035473 0.868465 0.494479 0.51898 
-0.00462006 -0.494643 0.869084 -0.554595 
0 0 0 1 
0.999403 -0.0310313 -0.0151749 0.592674 
0.0344767 0.868879 0.493822 0.518549 
-0.00213878 -0.494051 0.86943 -0.555305 
0 0 0 1 
0.999348 -0.0316605 -0.0173234 0.59257 
0.0360861 0.869523 0.492573 0.518002 
-0.000532005 -0.492877 0.870099 -0.556191 
0 0 0 1 
0.999307 -0.0325432 -0.0180648 0.592527 
0.0372202 0.870615 0.490556 0.517383 
-0.000236738 -0.490888 0.871222 -0.557463 
0 0 0 1 
0.99936 -0.0305774 -0.0185639 0.592536 
0.0357527 0.870591 0.490708 0.516927 
0.00115701 -0.491057 0.871126 -0.558338 
0 0 0 1 
0.99941 -0.0295685 -0.017475 0.592484 
0.0343385 0.871084 0.489933 0.517762 
0.000735575 -0.490244 0.871585 -0.559395 
0 0 0 1 
0.999368 -0.0304268 -0.0184025 0.592391 
0.0355401 0.871546 0.489024 0.517574 
0.0011592 -0.489369 0.872076 -0.559887 
0 0 0 1 
0.99928 -0.0324102 -0.0196985 0.592177 
0.0379009 0.87257 0.487016 0.516398 
0.00140406 -0.487413 0.873171 -0.56021 
0 0 0 1 
0.999259 -0.0326215 -0.020438 0.592478 
0.0384476 0.872111 0.487795 0.518246 
0.00191156 -0.488219 0.872719 -0.560475 
0 0 0 1 
0.999308 -0.0313894 -0.0199427 0.592484 
0.0371373 0.870494 0.490776 0.518943 
0.0019548 -0.491177 0.871057 -0.560196 
0 0 0 1 
0.99931 -0.0312559 -0.020078 0.592156 
0.0370842 0.871243 0.489449 0.518744 
0.00219469 -0.489856 0.871801 -0.56071 
0 0 0 1 
0.999357 -0.0296116 -0.0202068 0.592592 
0.0357143 0.871214 0.489602 0.519396 
0.00310655 -0.490009 0.871712 -0.560947 
0 0 0 1 
0.999356 -0.0278843 -0.0225647 0.593554 
0.0353636 0.871271 0.489526 0.51953 
0.00600991 -0.490009 0.871697 -0.560543 
0 0 0 1 
0.99931 -0.0256127 -0.0269059 0.594589 
0.0355065 0.871472 0.489159 0.519374 
0.010919 -0.489777 0.87178 -0.559275 
0 0 0 1 
0.999261 -0.0235475 -0.0303712 0.595584 
0.0354106 0.871246 0.489568 0.5211 
0.0149327 -0.490281 0.871436 -0.55864 
0 0 0 1 
0.999388 -0.0201308 -0.0285994 0.596422 
0.0316741 0.867711 0.49606 0.522524 
0.0148299 -0.496662 0.867817 -0.556641 
0 0 0 1 
0.9994 -0.0207582 -0.0277178 0.598585 
0.0317913 0.867324 0.496728 0.521279 
0.0137292 -0.497311 0.867464 -0.555686 
0 0 0 1 
0.999489 -0.020251 -0.0247492 0.600939 
0.0298606 0.867993 0.495678 0.522153 
0.0114442 -0.496163 0.868154 -0.555581 
0 0 0 1 
0.99953 -0.0182203 -0.0246736 0.603302 
0.0281024 0.866323 0.498693 0.524641 
0.012289 -0.499152 0.866427 -0.555191 
0 0 0 1 
0.999543 -0.0142785 -0.0266576 0.605714 
0.0256612 0.866878 0.49786 0.525864 
0.0160002 -0.498316 0.866848 -0.555601 
0 0 0 1 
0.999392 -0.0104867 -0.0332396 0.610303 
0.025618 0.867656 0.496504 0.525594 
0.0236338 -0.497054 0.867398 -0.556624 
0 0 0 1 
0.999 -0.00783721 -0.0440232 0.614797 
0.0286307 0.868355 0.495116 0.526563 
0.0343475 -0.495881 0.867711 -0.558286 
0 0 0 1 
0.998719 -0.00133861 -0.0505852 0.620395 
0.0262541 0.868288 0.495366 0.52737 
0.0432594 -0.496059 0.86721 -0.557864 
0 0 0 1 
0.998604 0.000837319 -0.0528083 0.629626 
0.0253786 0.869266 0.493692 0.529577 
0.0463179 -0.494344 0.868032 -0.556543 
0 0 0 1 
0.99862 0.00196446 -0.0524744 0.63884 
0.0245021 0.866414 0.498725 0.533448 
0.0464443 -0.499323 0.86517 -0.553141 
0 0 0 1 
0.998638 0.00728351 -0.0516717 0.647412 
0.0196881 0.864439 0.502352 0.536228 
0.048326 -0.502685 0.863118 -0.550284 
0 0 0 1 
0.998485 0.00836618 -0.0543904 0.655279 
0.0201601 0.864052 0.502999 0.538441 
0.0512043 -0.503333 0.862574 -0.548211 
0 0 0 1 
0.998278 0.0102716 -0.057752 0.663586 
0.0204174 0.862137 0.506263 0.539738 
0.0549902 -0.50657 0.860443 -0.545627 
0 0 0 1 
0.998091 0.0171237 -0.059336 0.67346 
0.0150218 0.864621 0.502201 0.539417 
0.0599026 -0.502133 0.862713 -0.544473 
0 0 0 1 
0.997402 0.0245541 -0.0677222 0.682443 
0.0129377 0.863769 0.503722 0.542206 
0.0708647 -0.503289 0.861207 -0.545483 
0 0 0 1 
0.9967 0.0284164 -0.0760385 0.692484 
0.0137838 0.863877 0.503514 0.545386 
0.0799959 -0.5029 0.860635 -0.545583 
0 0 0 1 
0.996213 0.0335018 -0.0802256 0.69899 
0.0117985 0.862139 0.506534 0.548403 
0.0861355 -0.505563 0.85848 -0.544752 
0 0 0 1 
0.995747 0.0364609 -0.0846033 0.704069 
0.0115588 0.861645 0.50738 0.548138 
0.0913975 -0.5062 0.857559 -0.542849 
0 0 0 1 
0.995333 0.04306 -0.0863623 0.710414 
0.00672166 0.861821 0.507169 0.554532 
0.0962674 -0.505382 0.857509 -0.542817 
0 0 0 1 
0.994528 0.0504411 -0.0914861 0.717225 
0.00348024 0.859232 0.511574 0.553881 
0.104412 -0.509093 0.854355 -0.541503 
0 0 0 1 
0.994186 0.0481925 -0.0962903 0.723877 
0.00776301 0.859844 0.510497 0.553671 
0.107397 -0.508277 0.854471 -0.54115 
0 0 0 1 
0.993482 0.0557209 -0.0994404 0.728848 
0.00332701 0.857831 0.51392 0.556514 
0.113939 -0.510902 0.852055 -0.541736 
0 0 0 1 
0.992545 0.0627656 -0.104476 0.735107 
0.000165269 0.856509 0.516132 0.555255 
0.12188 -0.512302 0.850113 -0.543099 
0 0 0 1 
0.991372 0.0701565 -0.110727 0.742432 
-0.00318303 0.857352 0.51472 0.555009 
0.131043 -0.509927 0.850178 -0.54679 
0 0 0 1 
0.990197 0.0737321 -0.118628 0.751592 
-0.00241546 0.858228 0.513264 0.55497 
0.139654 -0.507946 0.849993 -0.550107 
0 0 0 1 
0.989182 0.0753012 -0.125892 0.76145 
-0.000596717 0.860255 0.509864 0.553701 
0.146693 -0.504273 0.850994 -0.551962 
0 0 0 1 
0.988195 0.0805548 -0.130317 0.771285 
-0.00262518 0.859387 0.511319 0.556687 
0.153182 -0.504941 0.849453 -0.552318 
0 0 0 1 
0.987202 0.0919788 -0.130278 0.778192 
-0.0120701 0.857665 0.514067 0.560185 
0.159018 -0.505916 0.847799 -0.552703 
0 0 0 1 
0.985327 0.0979859 -0.139748 0.784715 
-0.0123626 0.857607 0.514157 0.558711 
0.170229 -0.504885 0.846235 -0.553211 
0 0 0 1 
0.983639 0.105391 -0.146108 0.793192 
-0.0163779 0.85998 0.510065 0.559518 
0.179406 -0.499326 0.847636 -0.556524 
0 0 0 1 
0.982031 0.112104 -0.151813 0.801209 
-0.0191816 0.859571 0.510657 0.564497 
0.187741 -0.498569 0.846276 -0.559368 
0 0 0 1 
0.98103 0.117697 -0.154036 0.808358 
-0.0212795 0.855174 0.517905 0.567006 
0.192683 -0.504803 0.841455 -0.560479 
0 0 0 1 
0.97974 0.123038 -0.15802 0.818781 
-0.0235539 0.854343 0.519177 0.569633 
0.198882 -0.504937 0.839932 -0.563583 
0 0 0 1 
0.979156 0.128515 -0.157278 0.825706 
-0.027879 0.852072 0.522682 0.565029 
0.201185 -0.507403 0.837894 -0.565071 
0 0 0 1 
0.97912 0.129921 -0.156348 0.832296 
-0.0327531 0.859889 0.509429 0.567687 
0.200627 -0.493671 0.84619 -0.570407 
0 0 0 1 
0.978171 0.130851 -0.161431 0.836879 
-0.0318705 0.862123 0.505695 0.568166 
0.205344 -0.489511 0.847474 -0.57167 
0 0 0 1 
0.976678 0.135214 -0.166785 0.838897 
-0.0328867 0.861836 0.506119 0.572072 
0.212176 -0.488831 0.846183 -0.57078 
0 0 0 1 
0.975782 0.138757 -0.169103 0.843065 
-0.034782 0.861646 0.506316 0.572581 
0.215962 -0.488173 0.845605 -0.566647 
0 0 0 1 
0.974544 0.144752 -0.171201 0.847219 
-0.03811 0.859474 0.509758 0.576503 
0.220932 -0.490257 0.843112 -0.563537 
0 0 0 1 
0.972599 0.152137 -0.175799 0.851534 
-0.0419179 0.858522 0.51106 0.578438 
0.228679 -0.489687 0.841375 -0.563025 
0 0 0 1 
0.971326 0.158151 -0.177523 0.85581 
-0.0460027 0.857579 0.512291 0.575899 
0.233259 -0.489435 0.840264 -0.563158 
0 0 0 1 
0.971774 0.155064 -0.177796 0.859726 
-0.0445809 0.860765 0.507047 0.564863 
0.231665 -0.484808 0.843382 -0.560802 
0 0 0 1 
0.973964 0.155899 -0.16459 0.859315 
-0.0487193 0.85299 0.519649 0.562984 
0.221406 -0.498101 0.838376 -0.558223 
0 0 0 1 
0.975897 0.151113 -0.15745 0.851798 
-0.0446741 0.84453 0.533642 0.549308 
0.213611 -0.513746 0.830925 -0.551749 
0 0 0 1 
0.976057 0.14376 -0.163235 0.842004 
-0.0361341 0.847191 0.530058 0.540278 
0.214492 -0.511469 0.832102 -0.550543 
0 0 0 1 
0.975715 0.140256 -0.168248 0.831842 
-0.0299864 0.846409 0.531689 0.53029 
0.216979 -0.513732 0.83006 -0.547223 
0 0 0 1 
0.974977 0.144464 -0.168967 0.822484 
-0.0330735 0.84587 0.532363 0.526701 
0.219831 -0.513454 0.829482 -0.544502 
0 0 0 1 
0.975027 0.147101 -0.166386 0.813309 
-0.0348765 0.841312 0.539423 0.524934 
0.219332 -0.520149 0.825432 -0.541227 
0 0 0 1 
0.9755 0.146903 -0.163765 0.80537 
-0.0356576 0.840125 0.541219 0.519819 
0.21709 -0.52212 0.824781 -0.539331 
0 0 0 1 
0.97638 0.14402 -0.161059 0.798599 
-0.0369715 0.845812 0.532199 0.513998 
0.212873 -0.513674 0.831158 -0.541005 
0 0 0 1 
0.97682 0.143079 -0.159223 0.79578 
-0.0388252 0.84989 0.525527 0.510998 
0.210514 -0.507163 0.835745 -0.544188 
0 0 0 1 
0.97645 0.143024 -0.161521 0.795926 
-0.0383612 0.851845 0.522388 0.506674 
0.212305 -0.50389 0.837271 -0.547906 
0 0 0 1 
0.975252 0.143721 -0.168013 0.801067 
-0.0380667 0.857705 0.51273 0.504547 
0.217795 -0.493645 0.84195 -0.554151 
0 0 0 1 
0.974558 0.143641 -0.17206 0.806733 
-0.0377166 0.861806 0.505834 0.503479 
0.220941 -0.486475 0.845297 -0.558906 
0 0 0 1 
0.972954 0.146235 -0.178817 0.812291 
-0.0378609 0.86459 0.50105 0.505536 
0.227874 -0.480729 0.846743 -0.564006 
0 0 0 1 
0.971255 0.145272 -0.188574 0.817775 
-0.0335642 0.867848 0.495696 0.507496 
0.235664 -0.475118 0.847777 -0.568499 
0 0 0 1 
0.96859 0.149562 -0.198658 0.823887 
-0.032155 0.867527 0.49635 0.510256 
0.246576 -0.474372 0.845087 -0.572249 
0 0 0 1 
0.966329 0.148158 -0.210374 0.832655 
-0.0271443 0.871728 0.489238 0.508916 
0.255873 -0.467054 0.846398 -0.575748 
0 0 0 1 
0.963496 0.152798 -0.219837 0.841117 
-0.0277984 0.873795 0.485499 0.514837 
0.266275 -0.461666 0.846146 -0.581902 
0 0 0 1 
0.958689 0.168876 -0.228903 0.848361 
-0.0369006 0.871735 0.488586 0.515987 
0.282053 -0.459955 0.841954 -0.586333 
0 0 0 1 
0.955551 0.177107 -0.235704 0.854358 
-0.0409392 0.871426 0.488816 0.514358 
0.291971 -0.457439 0.839942 -0.59044 
0 0 0 1 
0.953993 0.181615 -0.238566 0.858004 
-0.0430728 0.870433 0.490398 0.509185 
0.296719 -0.457561 0.83821 -0.591847 
0 0 0 1 
0.952619 0.185735 -0.240874 0.860238 
-0.0465575 0.87162 0.487967 0.50185 
0.300583 -0.453632 0.838969 -0.59055 
0 0 0 1 
0.950028 0.199423 -0.24016 0.857899 
-0.0563736 0.866293 0.496345 0.502952 
0.307032 -0.458003 0.834245 -0.587986 
0 0 0 1 
0.950082 0.199828 -0.239611 0.851433 
-0.0559144 0.8646 0.499341 0.496003 
0.30695 -0.461017 0.832613 -0.583913 
0 0 0 1 
0.949614 0.204879 -0.237187 0.842661 
-0.0633786 0.866657 0.494863 0.491925 
0.306947 -0.454896 0.835975 -0.583687 
0 0 0 1 
0.950804 0.211218 -0.226622 0.834729 
-0.0758958 0.868057 0.490629 0.490554 
0.300351 -0.449293 0.841383 -0.58366 
0 0 0 1 
0.95141 0.21685 -0.218622 0.824496 
-0.0861572 0.869087 0.487098 0.489384 
0.295628 -0.444594 0.845541 -0.584517 
0 0 0 1 
0.950939 0.223603 -0.213818 0.817184 
-0.0929026 0.865603 0.492037 0.491533 
0.295102 -0.448033 0.843908 -0.584385 
0 0 0 1 
0.950005 0.233296 -0.20752 0.811316 
-0.103167 0.861832 0.496591 0.492947 
0.2947 -0.450354 0.842812 -0.584795 
0 0 0 1 
0.94817 0.243097 -0.204638 0.806121 
-0.111279 0.857241 0.502747 0.495553 
0.297641 -0.453918 0.839862 -0.585709 
0 0 0 1 
0.946918 0.251139 -0.200688 0.800863 
-0.118938 0.853659 0.507069 0.496249 
0.298664 -0.456284 0.838215 -0.586949 
0 0 0 1 
0.945956 0.258859 -0.195346 0.795582 
-0.128084 0.851622 0.508265 0.498406 
0.29793 -0.455776 0.838753 -0.589185 
0 0 0 1 
0.944318 0.269912 -0.188181 0.788974 
-0.139971 0.847117 0.51264 0.498943 
0.297779 -0.457755 0.837728 -0.589456 
0 0 0 1 
0.942883 0.280236 -0.18011 0.781586 
-0.153551 0.845419 0.511556 0.49989 
0.295624 -0.454681 0.840161 -0.591543 
0 0 0 1 
0.940536 0.292216 -0.17321 0.775282 
-0.168 0.843318 0.510481 0.500794 
0.295242 -0.451027 0.842263 -0.593771 
0 0 0 1 
0.936921 0.305159 -0.170459 0.769932 
-0.181406 0.841358 0.509126 0.502448 
0.298781 -0.446088 0.843644 -0.59827 
0 0 0 1 
0.934132 0.314447 -0.168877 0.766338 
-0.190446 0.839269 0.509273 0.503526 
0.301872 -0.443566 0.843873 -0.602174 
0 0 0 1 
0.932804 0.319591 -0.16655 0.762977 
-0.196263 0.838097 0.508993 0.503389 
0.302255 -0.442102 0.844504 -0.60451 
0 0 0 1 
0.931093 0.326849 -0.161977 0.759243 
-0.205552 0.83693 0.507245 0.504666 
0.301356 -0.438997 0.846443 -0.607374 
0 0 0 1 
0.928594 0.336029 -0.157477 0.755483 
-0.215616 0.833921 0.508021 0.506008 
0.302033 -0.43779 0.846827 -0.608892 
0 0 0 1 
0.926935 0.342773 -0.152637 0.752965 
-0.224242 0.83221 0.507091 0.507411 
0.300843 -0.435813 0.848269 -0.610228 
0 0 0 1 
0.925563 0.34813 -0.14879 0.749133 
-0.230724 0.830268 0.507368 0.507206 
0.300165 -0.435272 0.848787 -0.610584 
0 0 0 1 
0.924117 0.353668 -0.144658 0.744773 
-0.237778 0.828606 0.506827 0.508424 
0.299114 -0.433971 0.849824 -0.610584 
0 0 0 1 
0.922122 0.360498 -0.140473 0.741171 
-0.24579 0.826226 0.506891 0.510397 
0.298796 -0.432888 0.850488 -0.609757 
0 0 0 1 
0.917932 0.372874 -0.135522 0.733751 
-0.260212 0.823693 0.503805 0.511354 
0.299484 -0.427194 0.853121 -0.608332 
0 0 0 1 
0.915379 0.380848 -0.130522 0.729922 
-0.268325 0.818838 0.50745 0.51494 
0.300137 -0.429487 0.851738 -0.607457 
0 0 0 1 
0.913556 0.386969 -0.125182 0.72523 
-0.276931 0.81726 0.505367 0.514996 
0.297867 -0.427014 0.853776 -0.607448 
0 0 0 1 
0.911142 0.393784 -0.121468 0.720773 
-0.285571 0.815858 0.502816 0.515418 
0.297101 -0.42345 0.855816 -0.608492 
0 0 0 1 
0.906044 0.406051 -0.119189 0.715908 
-0.299233 0.813889 0.498042 0.517939 
0.299237 -0.415583 0.858923 -0.610999 
0 0 0 1 
0.90206 0.416209 -0.114273 0.71131 
-0.30972 0.808605 0.500233 0.520688 
0.300604 -0.415847 0.858317 -0.611315 
0 0 0 1 
0.897554 0.427321 -0.108593 0.706213 
-0.321378 0.802698 0.502387 0.52258 
0.301848 -0.41602 0.857797 -0.610247 
0 0 0 1 
0.892989 0.437854 -0.104189 0.702717 
-0.332345 0.797589 0.503386 0.525536 
0.303509 -0.414892 0.857757 -0.610104 
0 0 0 1 
0.887642 0.448988 -0.102472 0.700057 
-0.342526 0.792376 0.504793 0.52727 
0.307843 -0.412977 0.857137 -0.609641 
0 0 0 1 
0.881933 0.461565 -0.095657 0.697744 
-0.356337 0.785675 0.505706 0.530506 
0.308572 -0.411913 0.857386 -0.608802 
0 0 0 1 
0.876352 0.473724 -0.0871362 0.693411 
-0.370127 0.778066 0.507562 0.532202 
0.308242 -0.412551 0.857198 -0.607804 
0 0 0 1 
0.871864 0.482966 -0.0812186 0.689256 
-0.381292 0.773467 0.506324 0.534442 
0.307357 -0.410478 0.85851 -0.607909 
0 0 0 1 
0.867905 0.490606 -0.0777523 0.68333 
-0.390028 0.770003 0.50495 0.535424 
0.307601 -0.407923 0.85964 -0.607882 
0 0 0 1 
0.863304 0.499475 -0.0723222 0.676778 
-0.400025 0.764586 0.50536 0.537462 
0.307711 -0.407349 0.859873 -0.607193 
0 0 0 1 
0.859126 0.507368 -0.0669274 0.670155 
-0.408053 0.758066 0.508752 0.540061 
0.30886 -0.409773 0.858307 -0.605118 
0 0 0 1 
0.854155 0.516857 -0.0572601 0.66287 
-0.420661 0.751488 0.508242 0.541247 
0.305718 -0.41003 0.859309 -0.60227 
0 0 0 1 
0.849564 0.525264 -0.048361 0.657616 
-0.431841 0.745239 0.508067 0.545288 
0.30291 -0.410751 0.859959 -0.600993 
0 0 0 1 
0.84393 0.534955 -0.0400571 0.653838 
-0.443682 0.738011 0.508415 0.547538 
0.301542 -0.411294 0.86018 -0.598265 
0 0 0 1 
0.840263 0.541039 -0.0351456 0.654768 
-0.450989 0.733449 0.508587 0.548169 
0.300943 -0.411497 0.860293 -0.595487 
0 0 0 1 
0.836309 0.547106 -0.0355148 0.658201 
-0.455783 0.729789 0.509578 0.549845 
0.304712 -0.409978 0.859691 -0.595409 
0 0 0 1 
0.828699 0.557134 -0.0534815 0.664702 
-0.45705 0.728776 0.509893 0.546902 
0.323055 -0.398104 0.858574 -0.595215 
0 0 0 1 
0.814076 0.576166 -0.0728948 0.674447 
-0.468113 0.725275 0.504824 0.546489 
0.343731 -0.376842 0.860139 -0.597542 
0 0 0 1 
0.80221 0.590739 -0.0865249 0.684342 
-0.477134 0.721444 0.501858 0.547195 
0.35889 -0.361312 0.860611 -0.599329 
0 0 0 1 
0.792614 0.602547 -0.093274 0.696219 
-0.485241 0.715997 0.501886 0.549142 
0.369194 -0.352541 0.85989 -0.600923 
0 0 0 1 
0.785274 0.611333 -0.0980646 0.708743 
-0.487929 0.708537 0.509804 0.552637 
0.381143 -0.352488 0.854683 -0.603049 
0 0 0 1 
0.776458 0.619982 -0.112848 0.719798 
-0.486874 0.703894 0.517191 0.553811 
0.400082 -0.346634 0.848398 -0.606292 
0 0 0 1 
0.767098 0.627547 -0.133206 0.73089 
-0.485799 0.70384 0.518274 0.552609 
0.418998 -0.332856 0.844777 -0.6098 
0 0 0 1 
0.757073 0.63664 -0.146726 0.744441 
-0.488577 0.700796 0.519786 0.553524 
0.433742 -0.321829 0.841602 -0.611989 
0 0 0 1 
0.749212 0.64388 -0.155244 0.756157 
-0.491805 0.697815 0.520751 0.554462 
0.443633 -0.313803 0.839474 -0.610104 
0 0 0 1 
0.740918 0.651887 -0.161506 0.769028 
-0.494963 0.692569 0.524747 0.556846 
0.45393 -0.308855 0.835797 -0.607645 
0 0 0 1 
0.733273 0.657779 -0.172153 0.785494 
-0.497141 0.6914 0.524229 0.557709 
0.463854 -0.298819 0.833994 -0.605624 
0 0 0 1 
0.729471 0.660292 -0.178568 0.800519 
-0.495839 0.690288 0.526922 0.556562 
0.471186 -0.295833 0.830943 -0.604687 
0 0 0 1 
0.725363 0.66184 -0.189249 0.816741 
-0.493236 0.691493 0.527784 0.554286 
0.480173 -0.289491 0.828027 -0.605773 
0 0 0 1 
0.72015 0.664539 -0.199429 0.833358 
-0.495357 0.693719 0.522853 0.55117 
0.485804 -0.277744 0.828766 -0.60747 
0 0 0 1 
0.718429 0.663643 -0.208413 0.849889 
-0.492413 0.696834 0.52149 0.551275 
0.491313 -0.272029 0.827413 -0.609167 
0 0 0 1 
0.71404 0.665921 -0.216095 0.864307 
-0.489248 0.695405 0.526353 0.551222 
0.500783 -0.270113 0.822347 -0.608859 
0 0 0 1 
0.706566 0.670321 -0.226793 0.876621 
-0.488769 0.69404 0.528596 0.55173 
0.511732 -0.262639 0.818016 -0.609897 
0 0 0 1 
0.69851 0.676963 -0.23196 0.886281 
-0.493157 0.69027 0.529455 0.55427 
0.518537 -0.255437 0.81601 -0.610282 
0 0 0 1 
0.691366 0.681003 -0.241346 0.891401 
-0.491434 0.688109 0.533852 0.5544 
0.529628 -0.250481 0.810404 -0.610967 
0 0 0 1 
0.693687 0.676098 -0.248376 0.897021 
-0.483672 0.692766 0.534917 0.554262 
0.533723 -0.250932 0.807573 -0.610527 
0 0 0 1 
0.69768 0.676447 -0.235928 0.892684 
-0.483196 0.687453 0.542154 0.551426 
0.528928 -0.26425 0.806478 -0.605619 
0 0 0 1 
0.710722 0.662097 -0.237701 0.885519 
-0.471495 0.699104 0.537537 0.546326 
0.52208 -0.269965 0.809044 -0.604337 
0 0 0 1 
0.721327 0.657034 -0.219073 0.876936 
-0.470248 0.696835 0.541561 0.54836 
0.508482 -0.287623 0.811615 -0.60168 
0 0 0 1 
0.728192 0.654763 -0.202539 0.864844 
-0.471347 0.692966 0.545555 0.546673 
0.497562 -0.301803 0.813233 -0.598021 
0 0 0 1 
0.735915 0.648027 -0.19619 0.853983 
-0.469115 0.696948 0.542397 0.545882 
0.488222 -0.307122 0.816894 -0.596856 
0 0 0 1 
0.735936 0.64992 -0.189741 0.844009 
-0.47051 0.692454 0.546926 0.547798 
0.486845 -0.313228 0.815395 -0.594635 
0 0 0 1 
0.737307 0.650035 -0.183938 0.837265 
-0.47257 0.690849 0.54718 0.548633 
0.48276 -0.316516 0.816554 -0.590743 
0 0 0 1 
0.737807 0.651829 -0.175387 0.832927 
-0.477726 0.687797 0.546546 0.548044 
0.476885 -0.319458 0.818857 -0.585552 
0 0 0 1 
0.73333 0.658001 -0.17106 0.835536 
-0.485056 0.682665 0.546524 0.550148 
0.476391 -0.317809 0.819786 -0.580177 
0 0 0 1 
0.728757 0.659454 -0.184482 0.847684 
-0.482312 0.685555 0.545334 0.55096 
0.486096 -0.308438 0.817666 -0.573961 
0 0 0 1 
0.708757 0.674116 -0.20792 0.865667 
-0.489522 0.682194 0.54312 0.55202 
0.507968 -0.283159 0.813504 -0.568874 
0 0 0 1 
0.683874 0.690013 -0.237063 0.895321 
-0.500706 0.680189 0.535385 0.552544 
0.53067 -0.247436 0.810656 -0.56377 
0 0 0 1 
0.671779 0.699402 -0.244027 0.922945 
-0.508779 0.675084 0.534234 0.554156 
0.538383 -0.234731 0.809349 -0.557306 
0 0 0 1 
0.667181 0.702006 -0.249112 0.944388 
-0.507312 0.6731 0.538118 0.556189 
0.545439 -0.232644 0.805216 -0.552949 
0 0 0 1 
0.662147 0.704422 -0.255639 0.960175 
-0.505347 0.671636 0.541783 0.555555 
0.55334 -0.229553 0.8007 -0.551221 
0 0 0 1 
0.657926 0.704897 -0.265054 0.971096 
-0.503393 0.67342 0.541387 0.554976 
0.560115 -0.222766 0.797902 -0.552973 
0 0 0 1 
0.651303 0.709546 -0.268979 0.978317 
-0.507422 0.670807 0.54087 0.55439 
0.564205 -0.215785 0.796938 -0.555768 
0 0 0 1 
0.646693 0.712161 -0.273157 0.985085 
-0.510984 0.67038 0.53804 0.554846 
0.56629 -0.208368 0.797433 -0.558912 
0 0 0 1 
0.639683 0.717436 -0.275847 0.990789 
-0.516283 0.666912 0.537289 0.554144 
0.569436 -0.201279 0.797013 -0.561099 
0 0 0 1 
0.634308 0.719196 -0.283567 0.999259 
-0.518072 0.6677 0.534582 0.553108 
0.573807 -0.192181 0.796123 -0.564082 
0 0 0 1 
0.62589 0.723467 -0.291301 1.01363 
-0.520543 0.665647 0.534743 0.553929 
0.580772 -0.183056 0.793218 -0.566841 
0 0 0 1 
0.618026 0.725902 -0.301847 1.02773 
-0.52195 0.665992 0.532938 0.55339 
0.587888 -0.17182 0.790484 -0.569431 
0 0 0 1 
0.611718 0.727345 -0.31108 1.04175 
-0.523288 0.666955 0.530416 0.552989 
0.593271 -0.161681 0.788599 -0.572171 
0 0 0 1 
0.603691 0.731383 -0.317233 1.05455 
-0.526305 0.664515 0.530493 0.555471 
0.5988 -0.153292 0.786092 -0.574101 
0 0 0 1 
0.597846 0.735726 -0.318257 1.06251 
-0.529924 0.660631 0.53174 0.553944 
0.601466 -0.149247 0.784834 -0.574208 
0 0 0 1 
0.597726 0.732317 -0.326244 1.07288 
-0.527928 0.665795 0.527265 0.553978 
0.603337 -0.142926 0.784574 -0.57516 
0 0 0 1 
0.591822 0.736177 -0.328314 1.07928 
-0.530643 0.662417 0.528793 0.556199 
0.606766 -0.138734 0.78268 -0.576991 
0 0 0 1 
0.582588 0.743418 -0.328512 1.08062 
-0.538398 0.655782 0.529224 0.557429 
0.608867 -0.13145 0.782306 -0.580132 
0 0 0 1 
0.572765 0.750433 -0.329835 1.08234 
-0.545007 0.649184 0.530591 0.560839 
0.612297 -0.124142 0.780821 -0.584555 
0 0 0 1 
0.561871 0.756627 -0.33439 1.08747 
-0.552368 0.644071 0.529209 0.562412 
0.615785 -0.112641 0.779821 -0.592007 
0 0 0 1 
0.556589 0.761957 -0.331104 1.08837 
-0.555046 0.637592 0.534229 0.563353 
0.618169 -0.113568 0.777798 -0.59805 
0 0 0 1 
0.563099 0.758604 -0.327778 1.08759 
-0.553089 0.640666 0.532578 0.565001 
0.614013 -0.118604 0.780334 -0.602697 
0 0 0 1 
0.565427 0.76367 -0.311609 1.08424 
-0.554836 0.631712 0.541384 0.569491 
0.610286 -0.133221 0.780899 -0.605444 
0 0 0 1 
0.561619 0.771512 -0.298921 1.07223 
-0.562227 0.620909 0.546235 0.56885 
0.607029 -0.138715 0.782479 -0.61299 
0 0 0 1 
0.561968 0.774814 -0.289576 1.06568 
-0.566397 0.615591 0.547944 0.570513 
0.602816 -0.143912 0.784795 -0.619868 
0 0 0 1 
0.565346 0.773675 -0.286025 1.05435 
-0.5693 0.61691 0.543434 0.568719 
0.596893 -0.144394 0.789221 -0.627542 
0 0 0 1 
0.563828 0.777601 -0.278271 1.04349 
-0.576779 0.611893 0.541214 0.568467 
0.591121 -0.144651 0.793507 -0.634063 
0 0 0 1 
0.566773 0.772039 -0.287618 1.03406 
-0.57069 0.619684 0.538799 0.567653 
0.594206 -0.141236 0.791815 -0.640056 
0 0 0 1 
0.567262 0.77454 -0.279825 1.02594 
-0.570676 0.614678 0.544518 0.569593 
0.593753 -0.149195 0.790695 -0.642935 
0 0 0 1 
0.565091 0.777979 -0.274627 1.01918 
-0.574127 0.609865 0.546299 0.571415 
0.592495 -0.151038 0.791288 -0.646812 
0 0 0 1 
0.556968 0.784078 -0.273876 1.01375 
-0.581866 0.603685 0.544975 0.574869 
0.592638 -0.144174 0.792461 -0.650577 
0 0 0 1 
0.545526 0.787109 -0.287855 1.01504 
-0.581848 0.602895 0.545867 0.574998 
0.603203 -0.130298 0.786873 -0.652283 
0 0 0 1 
0.522972 0.79318 -0.312036 1.02463 
-0.583329 0.59999 0.547485 0.576987 
0.621472 -0.1043 0.776463 -0.649292 
0 0 0 1 
0.502012 0.80121 -0.325647 1.03985 
-0.588126 0.592325 0.550689 0.581152 
0.634107 -0.0849307 0.768567 -0.642406 
0 0 0 1 
0.493488 0.802265 -0.335918 1.05271 
-0.589988 0.592554 0.548447 0.579575 
0.639049 -0.0724638 0.765745 -0.633753 
0 0 0 1 
0.490341 0.800983 -0.3435 1.0631 
-0.587157 0.59487 0.548978 0.580185 
0.64406 -0.0674979 0.761991 -0.625812 
0 0 0 1 
0.490314 0.799221 -0.347617 1.07048 
-0.585028 0.597452 0.548446 0.57876 
0.646014 -0.065545 0.760506 -0.620082 
0 0 0 1 
0.494723 0.793996 -0.353298 1.07794 
-0.577887 0.604192 0.548634 0.578504 
0.649073 -0.0672559 0.757747 -0.61622 
0 0 0 1 
0.497449 0.792412 -0.353027 1.08411 
-0.574012 0.605791 0.550933 0.577185 
0.650426 -0.0714199 0.756204 -0.611958 
0 0 0 1 
0.506144 0.785454 -0.356203 1.09134 
-0.563167 0.613803 0.553253 0.57582 
0.653194 -0.079424 0.753014 -0.608541 
0 0 0 1 
0.51798 0.775168 -0.361679 1.09831 
-0.549643 0.625599 0.553641 0.572421 
0.655431 -0.0879803 0.750113 -0.605424 
0 0 0 1 
0.52878 0.766605 -0.364293 1.10592 
-0.537795 0.634669 0.554952 0.569204 
0.656635 -0.0975325 0.747876 -0.603154 
0 0 0 1 
0.538965 0.758244 -0.366854 1.11578 
-0.529188 0.643646 0.552883 0.567301 
0.655345 -0.10385 0.748156 -0.602329 
0 0 0 1 
0.546432 0.753624 -0.365325 1.12286 
-0.524892 0.648076 0.551803 0.56575 
0.65261 -0.109767 0.749701 -0.600874 
0 0 0 1 
0.557227 0.745928 -0.364814 1.12713 
-0.516849 0.655434 0.550703 0.563246 
0.649897 -0.118313 0.750757 -0.598765 
0 0 0 1 
0.569529 0.735535 -0.366912 1.13182 
-0.505993 0.665506 0.548701 0.560817 
0.647771 -0.126847 0.751201 -0.596263 
0 0 0 1 
0.580278 0.725362 -0.370308 1.13589 
-0.492843 0.674739 0.549393 0.559512 
0.64837 -0.136297 0.749026 -0.593681 
0 0 0 1 
0.587562 0.718604 -0.371993 1.13922 
-0.480946 0.679838 0.553635 0.558166 
0.650739 -0.146387 0.745057 -0.591054 
0 0 0 1 
0.593784 0.713152 -0.372606 1.14157 
-0.4718 0.683708 0.556729 0.556665 
0.651786 -0.154781 0.742441 -0.589116 
0 0 0 1 
0.60217 0.700024 -0.383872 1.14643 
-0.456293 0.696318 0.55402 0.55385 
0.655124 -0.158456 0.738718 -0.587797 
0 0 0 1 
0.609931 0.691445 -0.387155 1.15132 
-0.442302 0.702409 0.557666 0.552779 
0.657536 -0.168898 0.734248 -0.585245 
0 0 0 1 
0.617428 0.681985 -0.39202 1.15452 
-0.428288 0.70946 0.559675 0.55088 
0.659813 -0.177661 0.730126 -0.583385 
0 0 0 1 
0.622857 0.672733 -0.399348 1.15893 
-0.415475 0.716964 0.559771 0.548962 
0.662895 -0.182739 0.72607 -0.582151 
0 0 0 1 
0.627718 0.66417 -0.406015 1.16336 
-0.404043 0.7238 0.559342 0.54582 
0.665372 -0.187061 0.722695 -0.580492 
0 0 0 1 
0.630115 0.661265 -0.407042 1.1689 
-0.400251 0.72579 0.559488 0.545466 
0.665397 -0.189623 0.722004 -0.578367 
0 0 0 1 
0.633583 0.656942 -0.408656 1.17293 
-0.395391 0.728956 0.558829 0.544064 
0.66501 -0.192485 0.721603 -0.57648 
0 0 0 1 
0.636739 0.652813 -0.410365 1.17609 
-0.390519 0.731913 0.55839 0.543984 
0.664875 -0.195293 0.720973 -0.575456 
0 0 0 1 
0.640098 0.64856 -0.41188 1.17794 
-0.384538 0.734563 0.55906 0.542467 
0.665136 -0.199469 0.719588 -0.574267 
0 0 0 1 
0.643972 0.641531 -0.416819 1.18138 
-0.375605 0.739761 0.558278 0.540965 
0.666499 -0.202956 0.717347 -0.57452 
0 0 0 1 
0.647407 0.636634 -0.419 1.18426 
-0.367668 0.742448 0.559991 0.540173 
0.667595 -0.20849 0.714737 -0.574383 
0 0 0 1 
0.653369 0.624913 -0.427309 1.1883 
-0.356383 0.751887 0.554668 0.538313 
0.667908 -0.210117 0.713968 -0.574783 
0 0 0 1 
0.658676 0.61692 -0.430762 1.1922 
-0.345656 0.756606 0.55504 0.536519 
0.668333 -0.216696 0.7116 -0.57366 
0 0 0 1 
0.662229 0.611963 -0.432383 1.19547 
-0.337792 0.758904 0.556742 0.537001 
0.668842 -0.222635 0.709284 -0.573561 
0 0 0 1 
0.664581 0.605311 -0.438099 1.19796 
-0.329652 0.763679 0.555089 0.53495 
0.670569 -0.224481 0.707069 -0.57338 
0 0 0 1 
0.666836 0.598026 -0.444629 1.20164 
-0.320161 0.768691 0.553724 0.534852 
0.672924 -0.22689 0.704056 -0.573488 
0 0 0 1 
0.668925 0.59155 -0.45012 1.206 
-0.31205 0.773078 0.552246 0.533234 
0.674659 -0.228951 0.701724 -0.572693 
0 0 0 1 
0.671992 0.58322 -0.456378 1.21139 
-0.303224 0.778926 0.548934 0.531447 
0.675635 -0.230494 0.700279 -0.572496 
0 0 0 1 
0.673813 0.577129 -0.461409 1.21782 
-0.293942 0.782278 0.549216 0.532183 
0.677919 -0.234442 0.696752 -0.571458 
0 0 0 1 
0.676023 0.571234 -0.465494 1.22399 
-0.283856 0.784832 0.550876 0.53106 
0.680013 -0.240272 0.692713 -0.569768 
0 0 0 1 
0.677466 0.565092 -0.470862 1.22975 
-0.276792 0.788946 0.548589 0.529215 
0.681488 -0.241319 0.690897 -0.568596 
0 0 0 1 
0.679149 0.555343 -0.479948 1.23493 
-0.266647 0.795876 0.543582 0.527499 
0.683854 -0.241197 0.688599 -0.567991 
0 0 0 1 
0.6798 0.549216 -0.486039 1.24111 
-0.25694 0.799072 0.543568 0.527707 
0.686916 -0.244634 0.684325 -0.566917 
0 0 0 1 
0.681784 0.54397 -0.489148 1.24475 
-0.249319 0.801391 0.543702 0.526663 
0.687757 -0.248734 0.681998 -0.564597 
0 0 0 1 
0.681479 0.542228 -0.491503 1.24361 
-0.244303 0.801627 0.545628 0.525884 
0.689857 -0.251759 0.67876 -0.564509 
0 0 0 1 
0.688457 0.532455 -0.492461 1.24076 
-0.232843 0.805317 0.545206 0.524714 
0.686885 -0.260685 0.678404 -0.564431 
0 0 0 1 
0.698904 0.52582 -0.484815 1.23477 
-0.228408 0.806457 0.545396 0.521383 
0.677763 -0.270444 0.683738 -0.56455 
0 0 0 1 
0.716425 0.506286 -0.48001 1.2313 
-0.211832 0.8134 0.541763 0.520487 
0.664728 -0.286451 0.689987 -0.565727 
0 0 0 1 
0.738824 0.496121 -0.456073 1.2192 
-0.207851 0.811536 0.546084 0.5161 
0.641043 -0.308665 0.702702 -0.566139 
0 0 0 1 
0.756435 0.485752 -0.438008 1.21019 
-0.202034 0.810445 0.549874 0.514723 
0.622084 -0.327452 0.711187 -0.565974 
0 0 0 1 
0.767547 0.481653 -0.422945 1.20013 
-0.203417 0.808751 0.551855 0.514804 
0.607859 -0.33754 0.71873 -0.567687 
0 0 0 1 
0.773585 0.470103 -0.424935 1.19378 
-0.191557 0.812675 0.550333 0.513564 
0.604047 -0.34433 0.718724 -0.569125 
0 0 0 1 
0.782387 0.455993 -0.424194 1.19122 
-0.179767 0.817475 0.547191 0.513593 
0.596283 -0.351859 0.721555 -0.567435 
0 0 0 1 
0.783529 0.456062 -0.422007 1.19228 
-0.171699 0.811642 0.558352 0.510298 
0.597161 -0.365027 0.71425 -0.555336 
0 0 0 1 
0.777516 0.454727 -0.434388 1.1973 
-0.166618 0.815024 0.554954 0.508609 
0.606389 -0.359108 0.70946 -0.544341 
0 0 0 1 
0.754327 0.472084 -0.456209 1.20896 
-0.173142 0.813368 0.555386 0.510614 
0.633255 -0.339954 0.695284 -0.527301 
0 0 0 1 
0.728491 0.489058 -0.479711 1.22734 
-0.178952 0.811791 0.555851 0.51109 
0.661269 -0.319088 0.678901 -0.508101 
0 0 0 1 
0.711985 0.497966 -0.495083 1.24534 
-0.181178 0.811454 0.555623 0.511495 
0.678418 -0.305897 0.667964 -0.487338 
0 0 0 1 
0.702497 0.50127 -0.505199 1.25963 
-0.176473 0.810384 0.558691 0.512693 
0.68946 -0.303325 0.657753 -0.468624 
0 0 0 1 
0.698016 0.502171 -0.510488 1.26854 
-0.172877 0.809979 0.560399 0.510774 
0.694901 -0.302916 0.652192 -0.452826 
0 0 0 1 
0.692168 0.498178 -0.522227 1.27819 
-0.165105 0.813679 0.557375 0.507725 
0.702597 -0.299575 0.645455 -0.439352 
0 0 0 1 
0.686643 0.495036 -0.532411 1.29022 
-0.158271 0.816569 0.555127 0.50935 
0.709557 -0.296909 0.639041 -0.422502 
0 0 0 1 
0.68141 0.500014 -0.534477 1.2997 
-0.154831 0.81221 0.562443 0.511284 
0.715337 -0.300501 0.630866 -0.404973 
0 0 0 1 
0.680757 0.500628 -0.534736 1.31217 
-0.15182 0.810583 0.565603 0.51256 
0.716604 -0.303854 0.627815 -0.384869 
0 0 0 1 
0.67982 0.501211 -0.53538 1.3222 
-0.150463 0.80981 0.567071 0.513088 
0.717778 -0.304951 0.625938 -0.369672 
0 0 0 1 
0.677904 0.500225 -0.538723 1.3345 
-0.147128 0.810296 0.567251 0.513168 
0.720278 -0.305281 0.6229 -0.354541 
0 0 0 1 
0.677688 0.496168 -0.54273 1.34664 
-0.142794 0.812802 0.564769 0.513671 
0.721352 -0.305239 0.621676 -0.342159 
0 0 0 1 
0.68464 0.492196 -0.537598 1.35423 
-0.139287 0.812321 0.566333 0.514931 
0.715449 -0.312855 0.624704 -0.327798 
0 0 0 1 
0.696386 0.488615 -0.525645 1.35049 
-0.13785 0.809867 0.570187 0.514441 
0.704304 -0.32461 0.631335 -0.319863 
0 0 0 1 
0.707894 0.487677 -0.510938 1.3448 
-0.142239 0.80699 0.57318 0.517827 
0.691848 -0.333075 0.64063 -0.313836 
0 0 0 1 
0.719766 0.483374 -0.498283 1.33221 
-0.14537 0.806795 0.572669 0.517541 
0.678825 -0.339753 0.650972 -0.307831 
0 0 0 1 
0.728722 0.483351 -0.485115 1.31258 
-0.146541 0.802049 0.579002 0.516818 
0.668947 -0.350842 0.655301 -0.300276 
0 0 0 1 
0.733406 0.477363 -0.483984 1.28722 
-0.140259 0.802902 0.579375 0.515119 
0.665164 -0.357034 0.655808 -0.293669 
0 0 0 1 
0.739842 0.472626 -0.478809 1.2692 
-0.140887 0.804745 0.576659 0.515026 
0.657863 -0.359179 0.661971 -0.288697 
0 0 0 1 
0.745564 0.467011 -0.475431 1.25209 
-0.134986 0.804433 0.578504 0.515359 
0.65262 -0.367135 0.662796 -0.283031 
0 0 0 1 
0.7483 0.466068 -0.472046 1.23776 
-0.13233 0.802175 0.582241 0.518564 
0.650027 -0.373225 0.661942 -0.276913 
0 0 0 1 
0.747439 0.469671 -0.469835 1.22611 
-0.131924 0.798081 0.587932 0.521244 
0.6511 -0.377461 0.658477 -0.273371 
0 0 0 1 
0.748583 0.472441 -0.465212 1.21492 
-0.132351 0.793986 0.593354 0.519169 
0.649697 -0.382605 0.656893 -0.269955 
0 0 0 1 
0.749623 0.471907 -0.464078 1.20884 
-0.132817 0.79416 0.593017 0.518487 
0.648401 -0.382901 0.657998 -0.271747 
0 0 0 1 
0.747485 0.471483 -0.467942 1.20573 
-0.12996 0.794618 0.593036 0.518857 
0.651442 -0.382472 0.655239 -0.273569 
0 0 0 1 
0.743847 0.475208 -0.469967 1.20162 
-0.12772 0.791286 0.597959 0.51873 
0.656032 -0.384765 0.649289 -0.274402 
0 0 0 1 
0.741306 0.478132 -0.471015 1.19483 
-0.126917 0.788987 0.601159 0.514744 
0.659058 -0.385863 0.645564 -0.274751 
0 0 0 1 
0.740567 0.475492 -0.474834 1.19058 
-0.119489 0.788535 0.60327 0.514754 
0.661273 -0.390024 0.64078 -0.274408 
0 0 0 1 
0.740951 0.477261 -0.472455 1.18464 
-0.114365 0.782917 0.611523 0.514213 
0.661749 -0.399076 0.634686 -0.272247 
0 0 0 1 
0.743904 0.477142 -0.467913 1.17904 
-0.111554 0.779004 0.617016 0.511705 
0.65891 -0.406803 0.632732 -0.271588 
0 0 0 1 
0.745895 0.478272 -0.463569 1.17311 
-0.107811 0.773499 0.624561 0.509518 
0.65728 -0.41588 0.628512 -0.271102 
0 0 0 1 
0.748142 0.476856 -0.461403 1.16892 
-0.104512 0.771371 0.627745 0.507961 
0.655256 -0.42142 0.626932 -0.270403 
0 0 0 1 
0.747161 0.474162 -0.465747 1.16703 
-0.0936982 0.768894 0.632473 0.506781 
0.658005 -0.42892 0.618916 -0.269275 
0 0 0 1 
0.744431 0.476714 -0.467511 1.16491 
-0.0863423 0.763033 0.640567 0.503827 
0.662093 -0.436492 0.609186 -0.265745 
0 0 0 1 
0.737409 0.47954 -0.475677 1.16506 
-0.0819344 0.762547 0.641723 0.499216 
0.670458 -0.434238 0.6016 -0.261937 
0 0 0 1 
0.726991 0.486641 -0.484422 1.16609 
-0.0809098 0.761286 0.643349 0.497011 
0.681863 -0.428514 0.592822 -0.257951 
0 0 0 1 
0.717382 0.495414 -0.489826 1.16919 
-0.0809347 0.757588 0.647696 0.494465 
0.691963 -0.425001 0.583576 -0.252449 
0 0 0 1 
0.713208 0.498242 -0.49304 1.17229 
-0.0786933 0.755853 0.649995 0.490804 
0.69652 -0.424783 0.57829 -0.248251 
0 0 0 1 
0.71118 0.501507 -0.49266 1.17414 
-0.0763588 0.751745 0.655018 0.487951 
0.698851 -0.428216 0.57292 -0.242965 
0 0 0 1 
0.708043 0.503171 -0.495473 1.17808 
-0.0755167 0.751563 0.655324 0.486695 
0.70212 -0.426581 0.570137 -0.236119 
0 0 0 1 
0.711305 0.504564 -0.489346 1.17732 
-0.0783113 0.748753 0.658207 0.481731 
0.698507 -0.429864 0.572105 -0.227299 
0 0 0 1 
0.713236 0.503832 -0.487285 1.1815 
-0.076945 0.747284 0.660035 0.480242 
0.696687 -0.433267 0.571757 -0.217854 
0 0 0 1 
0.7117 0.508339 -0.484846 1.18556 
-0.0800367 0.74437 0.662953 0.476841 
0.697909 -0.433018 0.570454 -0.207964 
0 0 0 1 
0.705299 0.513522 -0.488721 1.1865 
-0.0808658 0.743177 0.66419 0.470717 
0.704283 -0.428932 0.565688 -0.198413 
0 0 0 1 
0.702197 0.516662 -0.489877 1.18956 
-0.0802656 0.741106 0.666573 0.468441 
0.707444 -0.428745 0.561873 -0.186714 
0 0 0 1 
0.698942 0.51701 -0.494146 1.19184 
-0.077983 0.741917 0.665942 0.464326 
0.710914 -0.42692 0.558875 -0.175299 
0 0 0 1 
0.695848 0.516715 -0.498799 1.19418 
-0.0779162 0.744739 0.662791 0.462659 
0.71395 -0.422337 0.558486 -0.167138 
0 0 0 1 
0.691543 0.523643 -0.497561 1.19261 
-0.0775591 0.738668 0.669592 0.460342 
0.718159 -0.424462 0.551434 -0.158769 
0 0 0 1 
0.685677 0.527348 -0.501749 1.19116 
-0.0761746 0.737504 0.671032 0.458124 
0.72391 -0.421891 0.54586 -0.153231 
0 0 0 1 
0.679969 0.52691 -0.50991 1.1921 
-0.0726922 0.740435 0.668185 0.455769 
0.729629 -0.417279 0.541775 -0.14704 
0 0 0 1 
0.678913 0.525328 -0.512941 1.19341 
-0.0736158 0.743805 0.664331 0.453696 
0.730519 -0.413262 0.543651 -0.141143 
0 0 0 1 
0.682281 0.525322 -0.508457 1.19316 
-0.0769982 0.743244 0.664575 0.450671 
0.727024 -0.414277 0.54755 -0.134447 
0 0 0 1 
0.677737 0.532147 -0.507438 1.19051 
-0.0810804 0.739981 0.667723 0.448968 
0.730821 -0.411397 0.544659 -0.130279 
0 0 0 1 
0.682039 0.525743 -0.508347 1.18756 
-0.0769178 0.742828 0.665049 0.444926 
0.727259 -0.414488 0.547077 -0.128984 
0 0 0 1 
0.690069 0.524048 -0.499178 1.18213 
-0.0795591 0.740463 0.667371 0.443975 
0.719357 -0.420818 0.552664 -0.130268 
0 0 0 1 
0.699273 0.521953 -0.488449 1.17148 
-0.0789374 0.735485 0.672927 0.440225 
0.710483 -0.432003 0.555507 -0.131395 
0 0 0 1 
0.714519 0.509432 -0.479522 1.16072 
-0.0761974 0.737996 0.670489 0.43557 
0.695454 -0.442539 0.56613 -0.134881 
0 0 0 1 
0.73371 0.491533 -0.46911 1.14971 
-0.0659636 0.738681 0.67082 0.433415 
0.676253 -0.461243 0.574402 -0.136746 
0 0 0 1 
0.747761 0.483646 -0.454908 1.13737 
-0.0644572 0.734775 0.675241 0.430694 
0.660833 -0.475597 0.58061 -0.137819 
0 0 0 1 
0.757303 0.475667 -0.447475 1.12886 
-0.0623795 0.734747 0.675467 0.427915 
0.650078 -0.483619 0.586098 -0.138496 
0 0 0 1 
0.763086 0.465413 -0.448431 1.12024 
-0.0555398 0.738503 0.671959 0.422805 
0.643906 -0.487857 0.58939 -0.138211 
0 0 0 1 
0.766609 0.456201 -0.451875 1.11861 
-0.0488061 0.743092 0.667407 0.423482 
0.640256 -0.489586 0.591927 -0.138311 
0 0 0 1 
0.772394 0.444808 -0.453379 1.11923 
-0.0425791 0.74848 0.66179 0.419405 
0.633714 -0.491858 0.597061 -0.136227 
0 0 0 1 
0.770712 0.444671 -0.456368 1.12151 
-0.0413596 0.749627 0.660567 0.416597 
0.63584 -0.490231 0.596138 -0.132359 
0 0 0 1 
0.766122 0.446876 -0.461908 1.12724 
-0.0359602 0.747384 0.663419 0.416732 
0.641689 -0.491649 0.588657 -0.122341 
0 0 0 1 
0.75078 0.46172 -0.472381 1.13342 
-0.0440564 0.748539 0.661625 0.41574 
0.659081 -0.475924 0.58233 -0.112124 
0 0 0 1 
0.715832 0.481608 -0.505607 1.14698 
-0.0414016 0.752083 0.657767 0.413889 
0.697044 -0.449918 0.558304 -0.10256 
0 0 0 1 
0.688343 0.502418 -0.523221 1.15903 
-0.0445953 0.749247 0.660788 0.416618 
0.724013 -0.431516 0.538144 -0.096566 
0 0 0 1 
0.66182 0.520849 -0.539177 1.16899 
-0.0467031 0.746474 0.663774 0.422164 
0.748207 -0.414117 0.518356 -0.0949827 
0 0 0 1 
0.653006 0.534279 -0.536777 1.17045 
-0.0588342 0.742399 0.66737 0.426607 
0.755064 -0.404216 0.516225 -0.0932814 
0 0 0 1 
0.687297 0.520325 -0.506837 1.14695 
-0.0623017 0.737417 0.672558 0.429235 
0.7237 -0.43067 0.539242 -0.0935101 
0 0 0 1 
0.702833 0.49394 -0.511908 1.12703 
-0.0335715 0.741853 0.669721 0.427594 
0.710563 -0.453517 0.537981 -0.0992219 
0 0 0 1 
0.708435 0.492222 -0.505803 1.10933 
-0.0306136 0.737419 0.674742 0.428876 
0.705111 -0.462527 0.537482 -0.106552 
0 0 0 1 
0.710298 0.492239 -0.503167 1.10323 
-0.030413 0.73562 0.676712 0.430979 
0.703243 -0.465364 0.53748 -0.111618 
0 0 0 1 
0.714212 0.490392 -0.499416 1.10253 
-0.0305872 0.73471 0.677692 0.430435 
0.699261 -0.46874 0.539738 -0.114129 
0 0 0 1 
0.717839 0.484356 -0.500106 1.10233 
-0.0227346 0.734252 0.678496 0.429663 
0.695838 -0.475682 0.538087 -0.116309 
0 0 0 1 
0.725557 0.479954 -0.493164 1.10057 
-0.0269238 0.735889 0.676566 0.427051 
0.687635 -0.47761 0.546852 -0.118542 
0 0 0 1 
0.732409 0.471117 -0.491554 1.0979 
-0.024568 0.739772 0.672409 0.426194 
0.680421 -0.480402 0.55339 -0.120892 
0 0 0 1 
0.738922 0.465755 -0.486894 1.09234 
-0.0227882 0.73948 0.672792 0.426153 
0.673405 -0.486046 0.557033 -0.121008 
0 0 0 1 
0.744672 0.46125 -0.482403 1.0871 
-0.0199552 0.737839 0.674682 0.427624 
0.667133 -0.49279 0.558652 -0.119166 
0 0 0 1 
0.751286 0.453353 -0.479625 1.08004 
-0.0143062 0.737747 0.674926 0.427229 
0.659822 -0.500201 0.560744 -0.117586 
0 0 0 1 
0.756705 0.446582 -0.477454 1.07333 
-0.00888284 0.73728 0.675529 0.426712 
0.653696 -0.506935 0.56187 -0.116899 
0 0 0 1 
0.762364 0.436647 -0.477642 1.06782 
-0.000774249 0.738686 0.67405 0.426324 
0.647148 -0.513501 0.563485 -0.117957 
0 0 0 1 
0.766127 0.430705 -0.477014 1.06398 
0.00436074 0.738715 0.674003 0.426021 
0.642675 -0.518452 0.564071 -0.119431 
0 0 0 1 
0.769631 0.424576 -0.476868 1.0613 
0.00894608 0.739625 0.672959 0.424328 
0.638427 -0.522196 0.56544 -0.12111 
0 0 0 1 
0.774843 0.416303 -0.475721 1.06019 
0.0123961 0.742389 0.669854 0.423077 
0.632032 -0.524929 0.570075 -0.124113 
0 0 0 1 
0.778484 0.409513 -0.475669 1.05992 
0.0180328 0.742935 0.66912 0.423326 
0.627405 -0.529477 0.570979 -0.127066 
0 0 0 1 
0.783428 0.401677 -0.474232 1.05864 
0.0235762 0.743307 0.668534 0.42168 
0.621036 -0.534929 0.572858 -0.130729 
0 0 0 1 
0.788155 0.387581 -0.478114 1.05872 
0.0351476 0.747208 0.66366 0.419501 
0.614472 -0.539872 0.575293 -0.135784 
0 0 0 1 
0.797661 0.371408 -0.475178 1.05809 
0.0466632 0.747515 0.662603 0.41807 
0.601299 -0.550706 0.578933 -0.141513 
0 0 0 1 
0.80547 0.355656 -0.474054 1.05842 
0.0578563 0.748896 0.660157 0.416844 
0.589806 -0.559164 0.582636 -0.146728 
0 0 0 1 
0.813508 0.339009 -0.472523 1.05784 
0.0686502 0.750857 0.656888 0.415792 
0.577488 -0.566822 0.587555 -0.154446 
0 0 0 1 
0.82105 0.325089 -0.469248 1.05583 
0.0780271 0.750383 0.656381 0.41586 
0.565499 -0.575536 0.590736 -0.165047 
0 0 0 1 
0.82849 0.315361 -0.462765 1.05272 
0.0832791 0.747789 0.658692 0.415767 
0.553777 -0.584259 0.593273 -0.174355 
0 0 0 1 
0.835818 0.305187 -0.456365 1.05065 
0.0851881 0.749094 0.656964 0.417154 
0.542357 -0.587979 0.600108 -0.184707 
0 0 0 1 
0.848005 0.293131 -0.441545 1.04654 
0.088524 0.743077 0.663325 0.417183 
0.522543 -0.601591 0.604184 -0.192344 
0 0 0 1 
0.857593 0.274796 -0.434765 1.04464 
0.0981867 0.742289 0.662847 0.416662 
0.504869 -0.611141 0.609601 -0.198516 
0 0 0 1 
0.870658 0.254027 -0.421219 1.04286 
0.104561 0.741178 0.663115 0.419151 
0.480647 -0.62139 0.618752 -0.206243 
0 0 0 1 
0.879273 0.237818 -0.4127 1.03897 
0.112493 0.738245 0.665086 0.420056 
0.462843 -0.631218 0.622366 -0.212048 
0 0 0 1 
0.885518 0.222413 -0.407909 1.03576 
0.120785 0.737577 0.664373 0.419828 
0.448629 -0.637584 0.626274 -0.218577 
0 0 0 1 
0.897648 0.19703 -0.394217 1.03212 
0.127303 0.740447 0.659948 0.419049 
0.421927 -0.642586 0.639579 -0.226806 
0 0 0 1 
0.907036 0.171869 -0.384379 1.03027 
0.136032 0.744327 0.653814 0.420044 
0.398474 -0.645321 0.651751 -0.234353 
0 0 0 1 
0.911876 0.157966 -0.378852 1.0294 
0.142621 0.743537 0.653308 0.420213 
0.384891 -0.649768 0.655485 -0.237903 
0 0 0 1 
0.914708 0.152467 -0.374251 1.02672 
0.144354 0.741723 0.654988 0.421574 
0.377454 -0.653147 0.65645 -0.242474 
0 0 0 1 
0.914459 0.143999 -0.378192 1.02663 
0.153391 0.741472 0.653215 0.42144 
0.374481 -0.655349 0.655958 -0.245538 
0 0 0 1 
0.915689 0.136325 -0.37806 1.02626 
0.159614 0.739972 0.653425 0.42137 
0.368832 -0.658678 0.655825 -0.247484 
0 0 0 1 
0.918532 0.12377 -0.375474 1.02582 
0.166285 0.740689 0.650945 0.421671 
0.358677 -0.660349 0.659765 -0.250046 
0 0 0 1 
0.925334 0.107264 -0.363663 1.02213 
0.171488 0.737034 0.653738 0.422131 
0.338154 -0.66729 0.663608 -0.251391 
0 0 0 1 
0.932062 0.0845223 -0.352301 1.01486 
0.18048 0.734842 0.653784 0.423294 
0.314145 -0.672951 0.669664 -0.255252 
0 0 0 1 
0.931522 0.0765151 -0.355546 1.00799 
0.190289 0.730582 0.655775 0.426998 
0.309932 -0.678525 0.665992 -0.258726 
0 0 0 1 
0.932405 0.065074 -0.355508 0.999967 
0.200685 0.724851 0.659026 0.428867 
0.300576 -0.685825 0.662796 -0.260132 
0 0 0 1 
0.935687 0.0408124 -0.350463 0.989987 
0.220231 0.708478 0.670491 0.429187 
0.27566 -0.704552 0.653925 -0.256514 
0 0 0 1 
0.936999 0.0200124 -0.348758 0.985432 
0.233899 0.705595 0.6689 0.428611 
0.259468 -0.708333 0.656461 -0.253045 
0 0 0 1 
0.938565 -0.012826 -0.344865 0.984413 
0.253247 0.704461 0.663024 0.425648 
0.23444 -0.709627 0.66443 -0.245324 
0 0 0 1 
0.939256 -0.0352421 -0.341404 0.982875 
0.266683 0.701105 0.661311 0.428012 
0.216054 -0.712186 0.667916 -0.245605 
0 0 0 1 
0.933766 -0.05771 -0.353201 0.982257 
0.29313 0.689526 0.662291 0.429408 
0.205321 -0.721958 0.660772 -0.245108 
0 0 0 1 
0.936901 -0.0851716 -0.339061 0.97873 
0.30744 0.662439 0.683122 0.433675 
0.166425 -0.744258 0.646825 -0.239039 
0 0 0 1 
0.932666 -0.123652 -0.338886 0.979569 
0.334688 0.647122 0.684994 0.431804 
0.1346 -0.752292 0.644933 -0.228732 
0 0 0 1 
0.934084 -0.149989 -0.324021 0.980522 
0.340761 0.645472 0.683555 0.434333 
0.106621 -0.748912 0.654036 -0.222504 
0 0 0 1 
0.928793 -0.197056 -0.313866 0.976476 
0.364452 0.639275 0.677128 0.430339 
0.0672146 -0.743301 0.665572 -0.212566 
0 0 0 1 
0.923533 -0.23891 -0.300014 0.972228 
0.382295 0.635908 0.670427 0.43156 
0.0306099 -0.733855 0.678616 -0.205759 
0 0 0 1 
0.919678 -0.251745 -0.30136 0.9566 
0.392327 0.621352 0.678234 0.437117 
0.0165084 -0.741988 0.67021 -0.193704 
0 0 0 1 
0.920825 -0.25975 -0.290881 0.945325 
0.389964 0.607343 0.692144 0.4415 
-0.00312 -0.750776 0.660549 -0.179859 
0 0 0 1 
0.914413 -0.283404 -0.289018 0.935679 
0.403991 0.594308 0.695406 0.446388 
-0.0253149 -0.752648 0.657936 -0.169641 
0 0 0 1 
0.91257 -0.305174 -0.272188 0.929801 
0.404832 0.580316 0.706643 0.451041 
-0.0576946 -0.755051 0.653122 -0.157576 
0 0 0 1 
0.903837 -0.334118 -0.267287 0.923522 
0.419846 0.572088 0.704589 0.450361 
-0.0825043 -0.749054 0.657352 -0.153698 
0 0 0 1 
0.89355 -0.353831 -0.276354 0.913121 
0.438703 0.55728 0.704967 0.451985 
-0.0954326 -0.751161 0.653185 -0.152239 
0 0 0 1 
0.886569 -0.370649 -0.276794 0.90624 
0.449111 0.546227 0.707061 0.454607 
-0.110879 -0.75117 0.65073 -0.151076 
0 0 0 1 
0.870556 -0.404908 -0.27961 0.899968 
0.470271 0.517368 0.714965 0.45863 
-0.144834 -0.75391 0.640814 -0.147652 
0 0 0 1 
0.859136 -0.425302 -0.284612 0.897801 
0.484789 0.498269 0.718824 0.457959 
-0.163904 -0.755544 0.634262 -0.140822 
0 0 0 1 
0.852489 -0.443469 -0.276765 0.8903 
0.49039 0.495065 0.717237 0.461271 
-0.181056 -0.747159 0.63951 -0.141211 
0 0 0 1 
0.855923 -0.450467 -0.253919 0.880803 
0.480079 0.509778 0.713898 0.462159 
-0.192146 -0.732943 0.65259 -0.139949 
0 0 0 1 
0.862711 -0.448438 -0.233738 0.864196 
0.464717 0.520762 0.716131 0.463975 
-0.199418 -0.726436 0.657664 -0.137283 
0 0 0 1 
0.875666 -0.433575 -0.212656 0.835642 
0.440721 0.537475 0.718948 0.470908 
-0.19742 -0.72328 0.661734 -0.138765 
0 0 0 1 
0.884122 -0.421203 -0.202278 0.822133 
0.42569 0.547592 0.720369 0.47274 
-0.192656 -0.723002 0.66344 -0.139613 
0 0 0 1 
0.894552 -0.409303 -0.179575 0.806587 
0.403905 0.568211 0.716935 0.474943 
-0.191407 -0.713868 0.673614 -0.145645 
0 0 0 1 
0.902974 -0.395455 -0.168086 0.795637 
0.388182 0.582993 0.713747 0.476693 
-0.184262 -0.709743 0.679936 -0.150645 
0 0 0 1 
0.90731 -0.38844 -0.160948 0.786068 
0.379638 0.592281 0.710689 0.476556 
-0.180733 -0.705917 0.684848 -0.150977 
0 0 0 1 
0.91384 -0.378923 -0.145991 0.773257 
0.362504 0.599231 0.713802 0.482418 
-0.182994 -0.705223 0.684963 -0.150532 
0 0 0 1 
0.91972 -0.367495 -0.138064 0.760807 
0.348231 0.60135 0.719106 0.485535 
-0.181243 -0.709455 0.681047 -0.149184 
0 0 0 1 
0.924878 -0.35693 -0.131161 0.749581 
0.337309 0.610802 0.716341 0.488868 
-0.17557 -0.706769 0.685312 -0.150033 
0 0 0 1 
0.93148 -0.345115 -0.115071 0.734907 
0.318006 0.618814 0.718291 0.494269 
-0.176685 -0.705667 0.686161 -0.146391 
0 0 0 1 
0.936145 -0.338596 -0.0947935 0.722306 
0.299267 0.625743 0.720337 0.496469 
-0.184587 -0.702708 0.687117 -0.13976 
0 0 0 1 
0.93558 -0.342824 -0.0846285 0.7106 
0.296254 0.631632 0.716432 0.495941 
-0.192156 -0.695351 0.692505 -0.134807 
0 0 0 1 
0.939397 -0.334382 -0.0756496 0.696712 
0.285971 0.642567 0.710864 0.498616 
-0.18909 -0.689417 0.699249 -0.13439 
0 0 0 1 
0.944902 -0.320911 -0.0646189 0.68379 
0.269279 0.649734 0.710869 0.502764 
-0.186141 -0.689103 0.700349 -0.133734 
0 0 0 1 
0.948576 -0.311718 -0.0550931 0.675685 
0.257379 0.658175 0.707504 0.505721 
-0.184281 -0.685301 0.704558 -0.134245 
0 0 0 1 
0.950749 -0.307344 -0.0401955 0.673936 
0.242508 0.656804 0.714002 0.506606 
-0.193044 -0.688584 0.69899 -0.13308 
0 0 0 1 
0.95142 -0.306701 -0.0270859 0.67482 
0.235634 0.668681 0.705225 0.503115 
-0.198181 -0.677347 0.708466 -0.136066 
0 0 0 1 
0.948864 -0.315661 -0.00379661 0.670551 
0.22922 0.680657 0.695819 0.500037 
-0.217059 -0.661108 0.718207 -0.138808 
0 0 0 1 
0.939212 -0.343042 0.0142444 0.664682 
0.239846 0.685228 0.687704 0.494693 
-0.245672 -0.642483 0.725852 -0.141035 
0 0 0 1 
0.926516 -0.374431 0.0370235 0.652438 
0.25059 0.687471 0.681607 0.484872 
-0.280667 -0.622241 0.730781 -0.148034 
0 0 0 1 
0.923871 -0.380995 0.0361294 0.637426 
0.256167 0.685778 0.681239 0.483252 
-0.284325 -0.620122 0.731169 -0.158415 
0 0 0 1 
0.925969 -0.375842 0.0363726 0.627502 
0.254392 0.692119 0.675467 0.484816 
-0.279043 -0.616209 0.736492 -0.167695 
0 0 0 1 
0.923698 -0.379623 0.0516607 0.620327 
0.248502 0.696289 0.673371 0.487927 
-0.291598 -0.609154 0.737498 -0.171142 
0 0 0 1 
0.919779 -0.384664 0.0777142 0.61185 
0.237925 0.704081 0.669075 0.490124 
-0.312086 -0.596911 0.73912 -0.17621 
0 0 0 1 
0.916515 -0.389962 0.0890448 0.602676 
0.235999 0.706912 0.666768 0.490708 
-0.322961 -0.590089 0.739927 -0.1818 
0 0 0 1 
0.912447 -0.395587 0.104655 0.592214 
0.232757 0.712103 0.662369 0.491391 
-0.33655 -0.580017 0.741831 -0.187832 
0 0 0 1 
0.90942 -0.39906 0.117074 0.579334 
0.229353 0.716084 0.659258 0.491865 
-0.346919 -0.572691 0.742746 -0.19346 
0 0 0 1 
0.906742 -0.402097 0.127033 0.564534 
0.226905 0.719163 0.656749 0.492238 
-0.355434 -0.566677 0.743333 -0.200072 
0 0 0 1 
0.905455 -0.399302 0.143904 0.552952 
0.21604 0.725416 0.653528 0.495753 
-0.365345 -0.560651 0.743097 -0.207124 
0 0 0 1 
0.904199 -0.399197 0.151877 0.541276 
0.211752 0.727794 0.652286 0.49601 
-0.370926 -0.557636 0.742601 -0.213965 
0 0 0 1 
0.903607 -0.396246 0.162738 0.526178 
0.208611 0.738873 0.640741 0.49731 
-0.374133 -0.545029 0.750312 -0.227161 
0 0 0 1 
0.902742 -0.39403 0.172618 0.512621 
0.202549 0.743336 0.637515 0.500432 
-0.379513 -0.540548 0.750852 -0.23737 
0 0 0 1 
0.899824 -0.396125 0.182762 0.500197 
0.199482 0.746181 0.635154 0.501712 
-0.387973 -0.535069 0.750452 -0.248259 
0 0 0 1 
0.895273 -0.400611 0.194931 0.483705 
0.197851 0.749531 0.631711 0.503223 
-0.399177 -0.526986 0.750295 -0.263014 
0 0 0 1 
0.891876 -0.403949 0.203426 0.469077 
0.197248 0.752151 0.628779 0.5077 
-0.407001 -0.520667 0.750503 -0.277243 
0 0 0 1 
0.889769 -0.406567 0.207397 0.453922 
0.195668 0.750328 0.631445 0.512464 
-0.41234 -0.52126 0.747171 -0.290402 
0 0 0 1 
0.886899 -0.411688 0.209578 0.441334 
0.195386 0.745382 0.637362 0.51409 
-0.41861 -0.524327 0.741517 -0.300763 
0 0 0 1 
0.88696 -0.406596 0.219048 0.429393 
0.187748 0.750758 0.633335 0.516696 
-0.421963 -0.520617 0.74223 -0.312758 
0 0 0 1 
0.896148 -0.394936 0.202346 0.421321 
0.186612 0.749103 0.635626 0.514582 
-0.40261 -0.531855 0.745008 -0.323164 
0 0 0 1 
0.901143 -0.392563 0.183944 0.42015 
0.196506 0.748086 0.63384 0.512422 
-0.386429 -0.535034 0.751274 -0.331468 
0 0 0 1 
0.90041 -0.394604 0.183168 0.423528 
0.195707 0.743428 0.639541 0.513375 
-0.388538 -0.540002 0.746617 -0.332428 
0 0 0 1 
0.897151 -0.401376 0.184437 0.424976 
0.200022 0.741421 0.640536 0.514399 
-0.393841 -0.537766 0.745451 -0.333725 
0 0 0 1 
0.896958 -0.400124 0.188063 0.42195 
0.193615 0.737907 0.646534 0.519852 
-0.397467 -0.543502 0.739341 -0.335543 
0 0 0 1 
0.89763 -0.4005 0.184014 0.419223 
0.191134 0.729915 0.656271 0.520779 
-0.397151 -0.553917 0.731743 -0.334287 
0 0 0 1 
0.892623 -0.40384 0.200344 0.414726 
0.188214 0.737679 0.648387 0.519272 
-0.409634 -0.541057 0.734477 -0.337856 
0 0 0 1 
0.890061 -0.404378 0.210402 0.408806 
0.183203 0.739983 0.647195 0.525031 
-0.417405 -0.537498 0.732714 -0.339137 
0 0 0 1 
0.88716 -0.405785 0.219741 0.399997 
0.179286 0.741865 0.646137 0.525025 
-0.425211 -0.533831 0.730904 -0.337374 
0 0 0 1 
0.884148 -0.415856 0.212947 0.387473 
0.19156 0.73838 0.646607 0.523447 
-0.426131 -0.530904 0.732498 -0.334108 
0 0 0 1 
0.880821 -0.416088 0.225888 0.381926 
0.183424 0.739753 0.647396 0.526712 
-0.436475 -0.528807 0.72791 -0.329928 
0 0 0 1 
0.880532 -0.412336 0.233758 0.377193 
0.176507 0.742952 0.645653 0.529503 
-0.439897 -0.527258 0.726973 -0.323919 
0 0 0 1 
0.882587 -0.409164 0.231573 0.370196 
0.17093 0.738098 0.652682 0.531953 
-0.437977 -0.536466 0.721374 -0.316266 
0 0 0 1 
0.882608 -0.406616 0.235938 0.361585 
0.162647 0.735004 0.658267 0.533495 
-0.441077 -0.542617 0.714855 -0.308611 
0 0 0 1 
0.883887 -0.402837 0.237625 0.34821 
0.155231 0.73195 0.66344 0.532186 
-0.441188 -0.549519 0.709494 -0.301518 
0 0 0 1 
0.881596 -0.408428 0.236591 0.330828 
0.163204 0.734099 0.659138 0.529954 
-0.442891 -0.542481 0.713836 -0.292692 
0 0 0 1 
0.878521 -0.404851 0.253569 0.317427 
0.150184 0.737967 0.657913 0.535617 
-0.453482 -0.539909 0.709121 -0.28243 
0 0 0 1 
0.874257 -0.405439 0.267011 0.303568 
0.144046 0.741888 0.654869 0.536785 
-0.463601 -0.534062 0.707002 -0.273584 
0 0 0 1 
0.872854 -0.403575 0.274322 0.288466 
0.137103 0.742332 0.655855 0.538685 
-0.468325 -0.534856 0.703279 -0.268145 
0 0 0 1 
0.872989 -0.402234 0.27586 0.276541 
0.136594 0.744579 0.65341 0.538992 
-0.468223 -0.532738 0.704952 -0.264129 
0 0 0 1 
0.865282 -0.411208 0.286697 0.26108 
0.143714 0.751408 0.643998 0.537903 
-0.480243 -0.516037 0.709276 -0.257696 
0 0 0 1 
0.856738 -0.419725 0.299716 0.244525 
0.142421 0.751063 0.644687 0.536479 
-0.495697 -0.509642 0.703242 -0.250368 
0 0 0 1 
0.856986 -0.422093 0.295656 0.228351 
0.147932 0.751058 0.64345 0.535808 
-0.49365 -0.507691 0.706087 -0.247939 
0 0 0 1 
0.857655 -0.41745 0.300272 0.2174 
0.140931 0.752389 0.643467 0.538148 
-0.494536 -0.509555 0.704122 -0.243941 
0 0 0 1 
0.857249 -0.420615 0.296998 0.212928 
0.148847 0.754611 0.639067 0.53643 
-0.492919 -0.503632 0.709496 -0.241821 
0 0 0 1 
0.855529 -0.417863 0.305712 0.210745 
0.143156 0.758351 0.635933 0.534634 
-0.49757 -0.500295 0.708611 -0.23889 
0 0 0 1 
0.852194 -0.417064 0.315948 0.204953 
0.141047 0.764609 0.628872 0.534641 
-0.503856 -0.491357 0.71042 -0.240338 
0 0 0 1 
0.841705 -0.430191 0.326295 0.195679 
0.14664 0.763738 0.62865 0.530114 
-0.519644 -0.48129 0.705925 -0.239514 
0 0 0 1 
0.829081 -0.438493 0.346913 0.179292 
0.146467 0.769111 0.622106 0.531485 
-0.539604 -0.464965 0.70188 -0.246017 
0 0 0 1 
0.820021 -0.442364 0.363152 0.168479 
0.135565 0.766581 0.627675 0.533587 
-0.556046 -0.465476 0.688582 -0.24676 
0 0 0 1 
0.8114 -0.449872 0.373157 0.153511 
0.137901 0.767751 0.625733 0.531883 
-0.567991 -0.456261 0.68499 -0.249283 
0 0 0 1 
0.806203 -0.450516 0.383499 0.138709 
0.135537 0.771597 0.621505 0.532111 
-0.575905 -0.449081 0.683125 -0.25311 
0 0 0 1 
0.795973 -0.449028 0.405957 0.119602 
0.126411 0.77915 0.613959 0.534684 
-0.591986 -0.437378 0.676944 -0.254649 
0 0 0 1 
0.787659 -0.453024 0.417567 0.105531 
0.132944 0.786751 0.602784 0.531063 
-0.601597 -0.419275 0.679918 -0.257999 
0 0 0 1 
0.786792 -0.449957 0.42249 0.0929596 
0.130522 0.790318 0.598633 0.533993 
-0.60326 -0.415855 0.680545 -0.262251 
0 0 0 1 
0.77837 -0.453279 0.434371 0.0819718 
0.129 0.7926 0.59594 0.532253 
-0.61441 -0.407827 0.675409 -0.264658 
0 0 0 1 
0.775395 -0.453732 0.439192 0.0739797 
0.131512 0.796282 0.590457 0.53213 
-0.61763 -0.400079 0.677104 -0.267012 
0 0 0 1 
0.773269 -0.452109 0.444582 0.0654426 
0.130942 0.799892 0.585685 0.530932 
-0.620411 -0.394677 0.677731 -0.269598 
0 0 0 1 
0.770549 -0.450574 0.450819 0.0566298 
0.135208 0.806752 0.575213 0.530267 
-0.622875 -0.382275 0.682563 -0.27429 
0 0 0 1 
0.767418 -0.442076 0.46437 0.0395662 
0.130854 0.817029 0.561553 0.530983 
-0.627652 -0.370181 0.68485 -0.281613 
0 0 0 1 
0.764404 -0.439834 0.471416 0.0250727 
0.129455 0.820988 0.556076 0.530392 
-0.631608 -0.364039 0.684505 -0.287346 
0 0 0 1 
0.756801 -0.436043 0.486949 0.0066576 
0.122793 0.826552 0.549303 0.531966 
-0.642008 -0.355918 0.679078 -0.293082 
0 0 0 1 
0.750165 -0.436103 0.497058 -0.00931362 
0.123252 0.830737 0.542849 0.531587 
-0.649662 -0.345963 0.676941 -0.299065 
0 0 0 1 
0.740468 -0.43779 0.509948 -0.0290514 
0.123833 0.834627 0.536715 0.533155 
-0.660585 -0.334272 0.672228 -0.306078 
0 0 0 1 
0.731131 -0.436823 0.524055 -0.0422593 
0.120045 0.838528 0.53147 0.538164 
-0.671593 -0.325664 0.665512 -0.310914 
0 0 0 1 
0.719522 -0.430978 0.54456 -0.054835 
0.106261 0.843228 0.526949 0.543639 
-0.686292 -0.321286 0.652517 -0.312271 
0 0 0 1 
0.714157 -0.42796 0.553923 -0.0647214 
0.103039 0.846985 0.521535 0.54568 
-0.692361 -0.315382 0.648977 -0.313282 
0 0 0 1 
0.716099 -0.426587 0.552472 -0.0730898 
0.104184 0.847967 0.51971 0.546415 
-0.690179 -0.314605 0.651672 -0.315306 
0 0 0 1 
0.717472 -0.427996 0.549594 -0.0717658 
0.101451 0.844771 0.525424 0.539614 
-0.68916 -0.321219 0.64952 -0.30441 
0 0 0 1 
0.719994 -0.43986 0.53678 -0.0634025 
0.11592 0.838839 0.531895 0.535401 
-0.684231 -0.320738 0.654947 -0.295355 
0 0 0 1 
0.721929 -0.45053 0.525206 -0.0563595 
0.120522 0.829271 0.545697 0.527572 
-0.68139 -0.330656 0.652973 -0.278133 
0 0 0 1 
0.72554 -0.454749 0.516521 -0.0475709 
0.123504 0.824418 0.552341 0.51821 
-0.677006 -0.336953 0.654313 -0.259185 
0 0 0 1 
0.720967 -0.46296 0.51563 -0.0337821 
0.129447 0.820966 0.55611 0.50676 
-0.680771 -0.334191 0.651819 -0.241087 
0 0 0 1 
0.71242 -0.471038 0.520174 -0.0214399 
0.137404 0.820533 0.554839 0.496676 
-0.68817 -0.323804 0.649286 -0.229102 
0 0 0 1 
0.708018 -0.475878 0.521777 -0.0105712 
0.140827 0.81916 0.556007 0.490366 
-0.692011 -0.320183 0.646996 -0.220542 
0 0 0 1 
0.716055 -0.488395 0.498734 0.00609899 
0.148922 0.804908 0.574409 0.480119 
-0.681973 -0.337036 0.649091 -0.215757 
0 0 0 1 
0.717319 -0.500792 0.484418 0.0165445 
0.162708 0.796436 0.582422 0.469557 
-0.67748 -0.338964 0.652782 -0.217656 
0 0 0 1 
0.713934 -0.508822 0.481039 0.0283832 
0.163915 0.789347 0.591662 0.463289 
-0.680757 -0.343558 0.646945 -0.222078 
0 0 0 1 
0.711406 -0.518709 0.474176 0.0410079 
0.162118 0.77764 0.607449 0.455202 
-0.683827 -0.35527 0.637309 -0.225574 
0 0 0 1 
0.715776 -0.525338 0.460091 0.0511778 
0.164301 0.767039 0.620207 0.441974 
-0.678726 -0.368336 0.635342 -0.232487 
0 0 0 1 
0.723899 -0.52583 0.446625 0.0601244 
0.174366 0.765799 0.618991 0.430656 
-0.667508 -0.37021 0.646047 -0.242088 
0 0 0 1 
0.733888 -0.52323 0.433173 0.0648941 
0.171111 0.75954 0.62755 0.421359 
-0.657365 -0.386431 0.646948 -0.246429 
0 0 0 1 
0.745377 -0.51619 0.421855 0.0679504 
0.171007 0.759681 0.627408 0.41192 
-0.644337 -0.395515 0.654521 -0.253251 
0 0 0 1 
0.758863 -0.505895 0.410119 0.0697432 
0.159939 0.755225 0.635653 0.407027 
-0.631305 -0.41678 0.654025 -0.256974 
0 0 0 1 
0.770262 -0.495062 0.402008 0.0703185 
0.153257 0.755599 0.636853 0.401335 
-0.619039 -0.428933 0.657881 -0.261762 
0 0 0 1 
0.78906 -0.485019 0.377016 0.0703068 
0.148131 0.745828 0.649459 0.395536 
-0.596189 -0.456615 0.660349 -0.26629 
0 0 0 1 
0.800483 -0.475543 0.364809 0.0697461 
0.146116 0.74514 0.650705 0.390716 
-0.581272 -0.467574 0.665956 -0.271908 
0 0 0 1 
0.813112 -0.465774 0.349147 0.071327 
0.140556 0.739148 0.658714 0.387682 
-0.564883 -0.486534 0.666477 -0.275563 
0 0 0 1 
0.817276 -0.464205 0.341429 0.0751663 
0.137143 0.732168 0.667174 0.384806 
-0.559689 -0.498441 0.662046 -0.276955 
0 0 0 1 
0.821816 -0.463337 0.331568 0.0813569 
0.134897 0.723638 0.676868 0.377351 
-0.553553 -0.511534 0.657201 -0.276072 
0 0 0 1 
0.832035 -0.455244 0.316971 0.0788291 
0.130648 0.71615 0.68561 0.373534 
-0.539118 -0.52904 0.655338 -0.274229 
0 0 0 1 
0.837688 -0.455072 0.301973 0.0771468 
0.131877 0.705096 0.696741 0.365372 
-0.529987 -0.543828 0.650664 -0.270542 
0 0 0 1 
0.844198 -0.453131 0.286361 0.0750729 
0.130384 0.691763 0.710256 0.358927 
-0.519933 -0.56226 0.643066 -0.266286 
0 0 0 1 
0.849717 -0.449971 0.274785 0.072473 
0.119875 0.672409 0.730408 0.351762 
-0.51343 -0.5877 0.625298 -0.251181 
0 0 0 1 
0.85442 -0.445575 0.267262 0.0711141 
0.114244 0.662897 0.739943 0.347489 
-0.506868 -0.601689 0.617297 -0.235601 
0 0 0 1 
0.855277 -0.443718 0.267613 0.0723842 
0.107035 0.656601 0.746604 0.343731 
-0.506996 -0.609909 0.609069 -0.217865 
0 0 0 1 
0.854872 -0.444722 0.267239 0.0801885 
0.103449 0.650828 0.752144 0.341978 
-0.508422 -0.615341 0.602381 -0.196424 
0 0 0 1 
0.852146 -0.449709 0.2676 0.0893021 
0.09952 0.6413 0.760809 0.338186 
-0.513754 -0.621688 0.591236 -0.174605 
0 0 0 1 
0.849383 -0.453441 0.270074 0.104596 
0.100699 0.641555 0.760439 0.331491 
-0.518081 -0.618708 0.590586 -0.156872 
0 0 0 1 
0.846499 -0.457089 0.272965 0.112697 
0.100341 0.640503 0.761372 0.328863 
-0.522849 -0.617111 0.58805 -0.144947 
0 0 0 1 
0.845852 -0.457872 0.273655 0.120356 
0.101254 0.641517 0.760397 0.328136 
-0.523719 -0.615475 0.58899 -0.137813 
0 0 0 1 
0.840796 -0.461921 0.282296 0.124917 
0.0945519 0.638753 0.76358 0.324247 
-0.533031 -0.615323 0.580736 -0.129183 
0 0 0 1 
0.837424 -0.461647 0.29258 0.123924 
0.0841547 0.637844 0.765554 0.322798 
-0.540036 -0.616471 0.572996 -0.123938 
0 0 0 1 
0.824596 -0.476241 0.305347 0.12057 
0.076653 0.628825 0.773759 0.321841 
-0.560506 -0.614632 0.555032 -0.120732 
0 0 0 1 
0.805656 -0.500814 0.316392 0.116258 
0.0824549 0.623707 0.777297 0.315161 
-0.586617 -0.600146 0.543787 -0.120866 
0 0 0 1 
0.789243 -0.523315 0.321305 0.110579 
0.0917994 0.617895 0.780883 0.308394 
-0.60718 -0.586811 0.53571 -0.121805 
0 0 0 1 
0.774553 -0.548575 0.314854 0.109784 
0.11067 0.607646 0.786459 0.301474 
-0.622752 -0.57431 0.531365 -0.121375 
0 0 0 1 
0.769015 -0.557169 0.313335 0.108836 
0.114745 0.602534 0.789802 0.29871 
-0.628848 -0.571416 0.52729 -0.119176 
0 0 0 1 
0.76692 -0.560055 0.313325 0.1088 
0.11398 0.599352 0.79233 0.298786 
-0.63154 -0.571941 0.523489 -0.114336 
0 0 0 1 
0.763645 -0.568133 0.306713 0.11489 
0.107483 0.580293 0.807284 0.299232 
-0.636627 -0.583512 0.504201 -0.0978019 
0 0 0 1 
0.76611 -0.570752 0.295495 0.119186 
0.115123 0.574193 0.810586 0.293656 
-0.632315 -0.58698 0.505602 -0.0810345 
0 0 0 1 
0.771597 -0.56782 0.286738 0.12394 
0.120169 0.572766 0.810863 0.294005 
-0.624658 -0.591202 0.510179 -0.0644068 
0 0 0 1 
0.777639 -0.562854 0.280131 0.135963 
0.118399 0.568696 0.813982 0.294195 
-0.617462 -0.599817 0.508881 -0.0437936 
0 0 0 1 
0.773828 -0.565326 0.28565 0.150955 
0.115921 0.569767 0.813589 0.292138 
-0.622698 -0.596466 0.506435 -0.0237589 
0 0 0 1 
0.772722 -0.565437 0.288412 0.16488 
0.115441 0.571988 0.812098 0.293094 
-0.624158 -0.594231 0.507263 -0.0122289 
0 0 0 1 
0.77386 -0.561744 0.292547 0.177571 
0.105768 0.570034 0.814785 0.294125 
-0.624462 -0.599588 0.500541 0.00031242 
0 0 0 1 
0.779628 -0.555558 0.289024 0.188906 
0.104551 0.570512 0.814607 0.295632 
-0.617453 -0.604873 0.502872 0.00651266 
0 0 0 1 
0.78452 -0.55161 0.283293 0.20323 
0.105192 0.56861 0.815854 0.296079 
-0.611117 -0.610253 0.504111 0.0115187 
0 0 0 1 
0.784051 -0.550937 0.285887 0.213753 
0.105493 0.572171 0.813321 0.297931 
-0.611665 -0.607526 0.506732 0.0121488 
0 0 0 1 
0.780184 -0.557203 0.284319 0.21621 
0.103546 0.563273 0.819757 0.299097 
-0.616921 -0.610121 0.497153 0.0186063 
0 0 0 1 
0.775271 -0.563653 0.285046 0.215114 
0.107664 0.562609 0.819683 0.296138 
-0.622385 -0.604786 0.496859 0.0236716 
0 0 0 1 
0.759074 -0.578394 0.298776 0.209764 
0.109122 0.565497 0.817499 0.297152 
-0.641794 -0.587939 0.49237 0.0288972 
0 0 0 1 
0.739695 -0.599156 0.306371 0.20739 
0.109695 0.556536 0.82355 0.297384 
-0.663942 -0.575568 0.477391 0.0390957 
0 0 0 1 
0.714112 -0.624285 0.316723 0.200429 
0.11687 0.552411 0.825339 0.293661 
-0.690207 -0.552368 0.467443 0.04856 
0 0 0 1 
0.692565 -0.641136 0.330604 0.192482 
0.119521 0.553964 0.823916 0.294777 
-0.711385 -0.531101 0.460286 0.054003 
0 0 0 1 
0.667154 -0.661145 0.343211 0.185522 
0.117068 0.548066 0.828202 0.29498 
-0.735664 -0.512359 0.443043 0.0659666 
0 0 0 1 
0.647287 -0.675846 0.352492 0.178797 
0.120798 0.547546 0.82801 0.294383 
-0.752613 -0.493381 0.436061 0.0746093 
0 0 0 1 
0.625088 -0.691504 0.36206 0.1747 
0.119955 0.543443 0.830831 0.293601 
-0.771282 -0.475911 0.422649 0.0838479 
0 0 0 1 
0.605625 -0.704031 0.370889 0.167207 
0.12471 0.544301 0.829568 0.293693 
-0.785917 -0.456154 0.417443 0.0915638 
0 0 0 1 
0.592887 -0.711569 0.377034 0.159398 
0.126906 0.544909 0.828836 0.292963 
-0.795223 -0.443559 0.413372 0.0983728 
0 0 0 1 
0.581701 -0.72071 0.377095 0.149533 
0.131923 0.541057 0.830575 0.293233 
-0.802633 -0.433399 0.409811 0.105512 
0 0 0 1 
0.571714 -0.733235 0.368115 0.146618 
0.139879 0.529214 0.836879 0.293711 
-0.808441 -0.426964 0.405124 0.113247 
0 0 0 1 
0.559503 -0.742243 0.368825 0.143968 
0.144685 0.525629 0.83832 0.293998 
-0.816102 -0.415679 0.401482 0.118708 
0 0 0 1 
0.540219 -0.752339 0.377027 0.143683 
0.142024 0.523112 0.840347 0.294441 
-0.829453 -0.400425 0.389445 0.123285 
0 0 0 1 
0.523827 -0.762389 0.379959 0.143367 
0.147736 0.520604 0.840919 0.294964 
-0.838916 -0.384362 0.385339 0.127891 
0 0 0 1 
0.50929 -0.768448 0.387441 0.145276 
0.145916 0.520789 0.841123 0.295705 
-0.848134 -0.371842 0.377362 0.129933 
0 0 0 1 
0.494368 -0.776035 0.391624 0.146926 
0.145397 0.518006 0.842929 0.296196 
-0.857006 -0.359777 0.368919 0.133731 
0 0 0 1 
0.487478 -0.781673 0.38904 0.147178 
0.142525 0.510828 0.847786 0.299097 
-0.861424 -0.357829 0.360425 0.137767 
0 0 0 1 
0.482924 -0.78691 0.384131 0.149132 
0.142114 0.503291 0.852351 0.300593 
-0.864053 -0.35703 0.354882 0.140925 
0 0 0 1 
0.473331 -0.791411 0.386815 0.15242 
0.139988 0.501121 0.85398 0.302897 
-0.869691 -0.350066 0.347984 0.139864 
0 0 0 1 
0.454804 -0.800809 0.389691 0.160402 
0.140408 0.496567 0.856567 0.304433 
-0.879454 -0.334854 0.33828 0.1363 
0 0 0 1 
0.438637 -0.811169 0.386786 0.168087 
0.145947 0.488987 0.859995 0.30675 
-0.886734 -0.320775 0.332875 0.134267 
0 0 0 1 
0.421474 -0.822203 0.382548 0.179879 
0.145325 0.477634 0.866456 0.310872 
-0.89512 -0.309595 0.320797 0.135602 
0 0 0 1 
0.41238 -0.831315 0.372635 0.191487 
0.148028 0.464744 0.872984 0.311652 
-0.898906 -0.30484 0.314709 0.139367 
0 0 0 1 
0.411605 -0.833763 0.367994 0.203315 
0.15404 0.461621 0.8736 0.311255 
-0.89825 -0.302893 0.318439 0.142024 
0 0 0 1 
0.409541 -0.833108 0.371762 0.221473 
0.157236 0.465864 0.870774 0.309209 
-0.898639 -0.298164 0.321785 0.143406 
0 0 0 1 
0.405031 -0.835246 0.371906 0.239346 
0.155559 0.463787 0.872183 0.306904 
-0.900972 -0.295408 0.317778 0.145 
0 0 0 1 
0.398329 -0.836807 0.375616 0.251714 
0.151493 0.463902 0.872837 0.307021 
-0.904646 -0.290773 0.311556 0.144201 
0 0 0 1 
0.393591 -0.840769 0.371744 0.262766 
0.152957 0.458641 0.875358 0.307687 
-0.906471 -0.287672 0.309118 0.144964 
0 0 0 1 
0.385681 -0.845157 0.370082 0.273318 
0.154508 0.454615 0.877184 0.307953 
-0.909603 -0.281133 0.30592 0.145091 
0 0 0 1 
0.374532 -0.851287 0.367474 0.286143 
0.153832 0.447878 0.880762 0.309369 
-0.914364 -0.273344 0.298699 0.145343 
0 0 0 1 
0.364032 -0.856633 0.365595 0.299319 
0.153338 0.442294 0.883665 0.310417 
-0.918677 -0.265623 0.292363 0.146328 
0 0 0 1 
0.352047 -0.861189 0.366628 0.311217 
0.152535 0.439256 0.885318 0.311786 
-0.92347 -0.255749 0.286 0.148463 
0 0 0 1 
0.342949 -0.865394 0.365346 0.325631 
0.149225 0.434185 0.888378 0.316209 
-0.927426 -0.25015 0.278042 0.151086 
0 0 0 1 
0.335717 -0.869264 0.36287 0.340686 
0.147953 0.429107 0.891054 0.317782 
-0.930271 -0.245455 0.272669 0.153967 
0 0 0 1 
0.327393 -0.872904 0.361734 0.352383 
0.146626 0.425129 0.893177 0.320554 
-0.933442 -0.23938 0.267175 0.155151 
0 0 0 1 
0.32024 -0.877138 0.357875 0.363379 
0.143027 0.418205 0.897022 0.323438 
-0.936477 -0.236077 0.259381 0.157594 
0 0 0 1 
0.321829 -0.878768 0.352411 0.371678 
0.140028 0.412298 0.900224 0.327927 
-0.936386 -0.240371 0.255742 0.159049 
0 0 0 1 
0.322703 -0.881694 0.344207 0.382109 
0.137162 0.403386 0.904691 0.330882 
-0.936509 -0.244734 0.251108 0.162505 
0 0 0 1 
0.328401 -0.879008 0.345685 0.390878 
0.133467 0.405496 0.904301 0.334062 
-0.935061 -0.250836 0.250483 0.162461 
0 0 0 1 
0.329888 -0.880862 0.339495 0.404548 
0.122012 0.396395 0.909937 0.341394 
-0.936102 -0.258754 0.238242 0.164813 
0 0 0 1 
0.334097 -0.8806 0.336039 0.417167 
0.114845 0.391902 0.91281 0.346375 
-0.935516 -0.266375 0.232066 0.166854 
0 0 0 1 
0.340831 -0.878536 0.334679 0.430644 
0.110365 0.390922 0.913783 0.349637 
-0.933624 -0.274508 0.230198 0.168439 
0 0 0 1 
0.345928 -0.877632 0.331807 0.446934 
0.10278 0.386958 0.916351 0.353094 
-0.932614 -0.282889 0.224063 0.17093 
0 0 0 1 
0.355024 -0.875121 0.328818 0.462919 
0.0928409 0.382997 0.919072 0.359989 
-0.930236 -0.295765 0.21722 0.173852 
0 0 0 1 
0.366783 -0.871978 0.32423 0.479855 
0.0819805 0.377459 0.92239 0.368503 
-0.926688 -0.311737 0.20993 0.177889 
0 0 0 1 
0.376243 -0.867798 0.324603 0.487134 
0.0854314 0.381347 0.920476 0.371556 
-0.922574 -0.318592 0.217617 0.179316 
0 0 0 1 
0.385562 -0.865126 0.320779 0.487633 
0.082677 0.378654 0.921838 0.380209 
-0.91897 -0.328904 0.217521 0.179046 
0 0 0 1 
0.38409 -0.867584 0.315868 0.485077 
0.0744879 0.370111 0.925996 0.384054 
-0.920286 -0.332138 0.206781 0.17944 
0 0 0 1 
0.380227 -0.869677 0.314785 0.482168 
0.0798781 0.369954 0.92561 0.384849 
-0.921437 -0.326797 0.210135 0.177236 
0 0 0 1 
0.376377 -0.870693 0.316597 0.478173 
0.0757397 0.369498 0.92614 0.391507 
-0.923365 -0.324599 0.205017 0.17691 
0 0 0 1 
0.385895 -0.867244 0.314598 0.475754 
0.08158 0.371755 0.92474 0.397707 
-0.918928 -0.331188 0.214208 0.181521 
0 0 0 1 
0.390605 -0.865305 0.314124 0.473505 
0.0767753 0.370665 0.925588 0.403092 
-0.917351 -0.337423 0.211218 0.184125 
0 0 0 1 
0.407 -0.854835 0.32188 0.465913 
0.0773094 0.38336 0.920358 0.408172 
-0.910151 -0.349701 0.222114 0.1878 
0 0 0 1 
0.423985 -0.843212 0.330499 0.463907 
0.0828461 0.399502 0.912981 0.412335 
-0.901872 -0.35971 0.23924 0.185366 
0 0 0 1 
0.432982 -0.83481 0.340027 0.461766 
0.0802867 0.411436 0.907896 0.417473 
-0.89782 -0.365803 0.245169 0.179763 
0 0 0 1 
0.434808 -0.829152 0.351353 0.458721 
0.0592376 0.415655 0.907591 0.427 
-0.898573 -0.373815 0.229847 0.171934 
0 0 0 1 
0.442779 -0.823186 0.355404 0.452571 
0.0639848 0.424375 0.903223 0.43128 
-0.894345 -0.377187 0.240576 0.16753 
0 0 0 1 
0.451506 -0.818667 0.354862 0.444467 
0.064066 0.426426 0.902251 0.436894 
-0.889965 -0.384637 0.244983 0.167275 
0 0 0 1 
0.46533 -0.810402 0.355975 0.440485 
0.0720862 0.43553 0.897283 0.4401 
-0.882197 -0.391871 0.261084 0.170187 
0 0 0 1 
0.477258 -0.796487 0.37126 0.437579 
0.0799769 0.460095 0.88426 0.444251 
-0.875116 -0.392328 0.283285 0.166607 
0 0 0 1 
0.485209 -0.789143 0.376596 0.436966 
0.0740494 0.466229 0.88156 0.454668 
-0.871257 -0.399854 0.284654 0.163036 
0 0 0 1 
0.486719 -0.785656 0.381903 0.439915 
0.0684833 0.470152 0.879924 0.461601 
-0.87087 -0.402122 0.282636 0.163114 
0 0 0 1 
0.493526 -0.77445 0.395804 0.437846 
0.0663055 0.487266 0.870733 0.468784 
-0.8672 -0.403485 0.291828 0.162271 
0 0 0 1 
0.502275 -0.766164 0.40089 0.435703 
0.06519 0.495845 0.865961 0.476607 
-0.862247 -0.408816 0.298997 0.162477 
0 0 0 1 
0.513968 -0.759333 0.399062 0.432213 
0.0716184 0.501571 0.862147 0.485669 
-0.854815 -0.414536 0.312174 0.161847 
0 0 0 1 
0.520406 -0.754631 0.399638 0.431275 
0.0666342 0.502465 0.862026 0.494659 
-0.851315 -0.421974 0.31177 0.16215 
0 0 0 1 
0.530713 -0.744823 0.404454 0.42961 
0.0747226 0.516463 0.853043 0.503148 
-0.844252 -0.422499 0.329749 0.160605 
0 0 0 1 
0.535686 -0.741366 0.404249 0.431577 
0.0776005 0.519927 0.850679 0.511158 
-0.840844 -0.424327 0.336048 0.157939 
0 0 0 1 
0.536441 -0.740175 0.405429 0.436165 
0.0822641 0.523974 0.847752 0.51745 
-0.839919 -0.421416 0.341971 0.156601 
0 0 0 1 
0.550393 -0.7268 0.410889 0.446004 
0.0746275 0.532994 0.842821 0.531437 
-0.831564 -0.433219 0.347595 0.153885 
0 0 0 1 
0.576068 -0.709393 0.406088 0.45269 
0.0811315 0.543973 0.835172 0.542148 
-0.813365 -0.448169 0.37092 0.149087 
0 0 0 1 
0.605967 -0.680287 0.412327 0.464151 
0.0755262 0.56519 0.821496 0.553096 
-0.791897 -0.466658 0.393866 0.142722 
0 0 0 1 
0.633931 -0.652237 0.415593 0.47037 
0.0699207 0.5835 0.809098 0.562365 
-0.770222 -0.483854 0.415504 0.132469 
0 0 0 1 
0.664364 -0.62552 0.409078 0.478962 
0.0609979 0.590881 0.80445 0.571978 
-0.744915 -0.509494 0.430715 0.125417 
0 0 0 1 
0.691523 -0.60158 0.399871 0.482715 
0.0527872 0.594172 0.802604 0.580597 
-0.720423 -0.533911 0.442639 0.120779 
0 0 0 1 
0.720765 -0.569696 0.394897 0.486849 
0.036377 0.599992 0.799178 0.589995 
-0.692224 -0.561655 0.453177 0.114612 
0 0 0 1 
0.740397 -0.545107 0.393282 0.490529 
0.0256694 0.607597 0.793831 0.597083 
-0.67168 -0.577654 0.463855 0.109502 
0 0 0 1 
0.758227 -0.521669 0.391092 0.495489 
0.0182495 0.616588 0.787074 0.601168 
-0.651735 -0.589644 0.477034 0.106563 
0 0 0 1 
0.780271 -0.493577 0.384135 0.499612 
0.00979103 0.623746 0.781565 0.60857 
-0.625366 -0.606071 0.491524 0.101412 
0 0 0 1 
0.797914 -0.470907 0.376271 0.500972 
0.00608146 0.630492 0.776172 0.614137 
-0.602741 -0.61703 0.505942 0.0957977 
0 0 0 1 
0.819216 -0.447924 0.358119 0.504478 
0.00111794 0.625706 0.780058 0.617752 
-0.573484 -0.638636 0.513089 0.091192 
0 0 0 1 
0.833505 -0.424585 0.353549 0.506207 
-0.0039176 0.635336 0.772226 0.61904 
-0.552498 -0.645039 0.527893 0.0856881 
0 0 0 1 
0.848381 -0.40407 0.342019 0.509251 
0.00115164 0.647474 0.762087 0.620509 
-0.529385 -0.646146 0.54977 0.0772709 
0 0 0 1 
0.858783 -0.387159 0.335559 0.513565 
-0.00115415 0.653491 0.756934 0.620668 
-0.512339 -0.650429 0.56076 0.0704197 
0 0 0 1 
0.868151 -0.371757 0.328802 0.517822 
0.000813305 0.663572 0.748112 0.619706 
-0.4963 -0.649207 0.576383 0.0620272 
0 0 0 1 
0.878548 -0.354551 0.320073 0.521395 
-0.00180802 0.667621 0.744499 0.622079 
-0.47765 -0.654657 0.585896 0.0527618 
0 0 0 1 
0.885132 -0.343531 0.313892 0.523996 
-0.00508171 0.667366 0.744712 0.625001 
-0.465313 -0.660764 0.588961 0.0465824 
0 0 0 1 
0.890166 -0.334584 0.309288 0.524211 
-0.00770579 0.667652 0.744433 0.625889 
-0.455572 -0.665052 0.591743 0.0416936 
0 0 0 1 
0.896182 -0.325785 0.301201 0.519423 
-0.00606784 0.669796 0.74252 0.628508 
-0.443645 -0.667261 0.598283 0.0354839 
0 0 0 1 
0.899729 -0.318891 0.297988 0.512317 
-0.0115571 0.665108 0.746658 0.631676 
-0.436296 -0.675234 0.594731 0.0322025 
0 0 0 1 
0.897977 -0.321219 0.300758 0.503899 
-0.00984564 0.668638 0.743523 0.632761 
-0.439932 -0.670628 0.597259 0.031926 
0 0 0 1 
0.894646 -0.323676 0.307966 0.497322 
-0.015122 0.666974 0.744928 0.63795 
-0.44652 -0.671103 0.591811 0.0313391 
0 0 0 1 
0.886595 -0.33765 0.316136 0.493106 
-0.0120368 0.666395 0.745502 0.635151 
-0.46239 -0.664764 0.586758 0.0327836 
0 0 0 1 
0.877425 -0.347596 0.33061 0.486861 
-0.00896442 0.67718 0.735763 0.635158 
-0.479631 -0.64854 0.591058 0.0297184 
0 0 0 1 
0.867876 -0.355576 0.346925 0.478725 
-0.0133661 0.681381 0.731807 0.637586 
-0.496601 -0.639755 0.586601 0.0293652 
0 0 0 1 
0.861389 -0.358439 0.359903 0.470371 
-0.0210236 0.682781 0.730321 0.640213 
-0.50751 -0.636657 0.580604 0.0336761 
0 0 0 1 
0.856663 -0.362288 0.367253 0.464673 
-0.022591 0.684874 0.728311 0.64422 
-0.515381 -0.632214 0.578522 0.0383996 
0 0 0 1 
0.856492 -0.361822 0.368113 0.462031 
-0.0214541 0.687604 0.725769 0.647762 
-0.515714 -0.629513 0.581164 0.0416448 
0 0 0 1 
0.857895 -0.359379 0.367237 0.463101 
-0.0195105 0.691412 0.722197 0.649535 
-0.513455 -0.626734 0.586148 0.047354 
0 0 0 1 
0.863622 -0.354084 0.35886 0.46738 
-0.0106637 0.698839 0.7152 0.651954 
-0.504026 -0.62149 0.599757 0.0494624 
0 0 0 1 
0.871069 -0.344319 0.350262 0.477288 
-0.00386149 0.708308 0.705893 0.655018 
-0.491146 -0.616234 0.615655 0.0476868 
0 0 0 1 
0.882019 -0.322014 0.344018 0.489054 
-0.00940591 0.717892 0.696091 0.658739 
-0.471119 -0.617202 0.630166 0.0418085 
0 0 0 1 
0.896449 -0.298616 0.327424 0.502532 
-0.0111773 0.723392 0.690347 0.662779 
-0.443005 -0.622521 0.645147 0.0336557 
0 0 0 1 
0.904248 -0.286672 0.316472 0.511971 
-0.0119804 0.723815 0.68989 0.667565 
-0.42684 -0.627624 0.651073 0.0269542 
0 0 0 1 
0.9146 -0.266274 0.30431 0.521584 
-0.0146157 0.730312 0.682957 0.669249 
-0.404095 -0.62908 0.664052 0.0198986 
0 0 0 1 
0.920912 -0.254287 0.295397 0.528444 
-0.0170354 0.73089 0.682282 0.670978 
-0.389399 -0.633354 0.668754 0.0157573 
0 0 0 1 
0.927988 -0.242109 0.283233 0.537496 
-0.0166433 0.732442 0.680626 0.671114 
-0.372237 -0.636327 0.675668 0.0105953 
0 0 0 1 
0.934561 -0.22783 0.273294 0.546966 
-0.0199898 0.733271 0.679643 0.672461 
-0.355242 -0.640631 0.680732 0.00379838 
0 0 0 1 
0.939565 -0.220211 0.262154 0.557052 
-0.0182161 0.732465 0.680561 0.673506 
-0.341886 -0.644206 0.684187 -0.00398661 
0 0 0 1 
0.945235 -0.210293 0.249614 0.56993 
-0.0167558 0.732499 0.680562 0.673587 
-0.32596 -0.647474 0.68886 -0.0156666 
0 0 0 1 
0.950342 -0.196379 0.241425 0.57822 
-0.0208828 0.733777 0.679069 0.673163 
-0.310507 -0.650389 0.693238 -0.0259442 
0 0 0 1 
0.955929 -0.18231 0.230139 0.586672 
-0.0213907 0.738523 0.673888 0.672186 
-0.292819 -0.649112 0.702076 -0.0374775 
0 0 0 1 
0.961344 -0.171899 0.215101 0.597338 
-0.016049 0.744882 0.667004 0.67001 
-0.274882 -0.644672 0.713329 -0.0492324 
0 0 0 1 
0.966494 -0.156355 0.203575 0.608936 
-0.0177205 0.750544 0.660583 0.672698 
-0.256077 -0.642057 0.722625 -0.0632831 
0 0 0 1 
0.969291 -0.145487 0.198264 0.618267 
-0.020353 0.755998 0.654258 0.674389 
-0.245073 -0.638201 0.729821 -0.0725532 
0 0 0 1 
0.97329 -0.138541 0.183065 0.62279 
-0.0156066 0.755624 0.654819 0.679658 
-0.229048 -0.640186 0.73328 -0.0836162 
0 0 0 1 
0.976238 -0.132204 0.171703 0.620898 
-0.0128645 0.755591 0.654917 0.682257 
-0.21632 -0.641564 0.735936 -0.0921283 
0 0 0 1 
0.977847 -0.131493 0.162866 0.615818 
-0.00566696 0.761149 0.648552 0.678573 
-0.209246 -0.635107 0.743542 -0.0981977 
0 0 0 1 
0.97908 -0.131456 0.155315 0.608536 
0.00194059 0.769297 0.638888 0.678857 
-0.203469 -0.62522 0.753458 -0.109466 
0 0 0 1 
0.978441 -0.130492 0.160074 0.600816 
-0.000725519 0.772913 0.634512 0.680434 
-0.206522 -0.620949 0.756156 -0.122286 
0 0 0 1 
0.975495 -0.140387 0.169415 0.594793 
0.00144041 0.774048 0.633125 0.677386 
-0.220017 -0.617366 0.755282 -0.137845 
0 0 0 1 
0.972679 -0.143538 0.182464 0.590067 
-0.00377576 0.77607 0.630635 0.676214 
-0.232125 -0.614095 0.754325 -0.160801 
0 0 0 1 
0.971326 -0.144314 0.188939 0.585554 
-0.00526443 0.78145 0.623946 0.675206 
-0.23769 -0.60705 0.758284 -0.1812 
0 0 0 1 
0.970065 -0.142047 0.196965 0.583067 
-0.0107334 0.785208 0.61914 0.673034 
-0.242606 -0.60272 0.760178 -0.20055 
0 0 0 1 
0.968732 -0.141257 0.203971 0.580184 
-0.0126502 0.792915 0.6092 0.671484 
-0.247786 -0.592732 0.766336 -0.222471 
0 0 0 1 
0.967022 -0.141862 0.21153 0.576767 
-0.0136463 0.80047 0.599218 0.669816 
-0.254329 -0.582343 0.772136 -0.240403 
0 0 0 1 
0.965732 -0.144482 0.215608 0.573578 
-0.0125676 0.803719 0.594876 0.666528 
-0.259237 -0.5772 0.774362 -0.252562 
0 0 0 1 
0.964349 -0.147475 0.219733 0.57037 
-0.0114593 0.806276 0.591428 0.666761 
-0.264386 -0.572861 0.775841 -0.2656 
0 0 0 1 
0.964543 -0.146062 0.219826 0.56488 
-0.01081 0.810342 0.585858 0.665343 
-0.263705 -0.567461 0.78003 -0.282494 
0 0 0 1 
0.965937 -0.133923 0.221427 0.568191 
-0.020566 0.813234 0.581573 0.664189 
-0.257958 -0.566317 0.782779 -0.290687 
0 0 0 1 
0.966752 -0.130044 0.220181 0.577623 
-0.0209104 0.817948 0.574912 0.661348 
-0.25486 -0.560401 0.788033 -0.293752 
0 0 0 1 
0.970364 -0.122509 0.208291 0.593116 
-0.0205474 0.817009 0.576258 0.662408 
-0.240773 -0.56346 0.79028 -0.296704 
0 0 0 1 
0.975313 -0.111252 0.190754 0.620968 
-0.0192874 0.817601 0.575462 0.664252 
-0.219982 -0.564935 0.795272 -0.300098 
0 0 0 1 
0.984096 -0.0827229 0.157199 0.671522 
-0.0242933 0.813961 0.580412 0.664457 
-0.175967 -0.575 0.799006 -0.30469 
0 0 0 1 
0.986853 -0.0689197 0.14619 0.708327 
-0.027544 0.819573 0.572313 0.661085 
-0.159257 -0.568815 0.806899 -0.304713 
0 0 0 1 
0.989564 -0.0501131 0.135097 0.738358 
-0.0356442 0.823302 0.566483 0.661119 
-0.139614 -0.565387 0.812924 -0.302862 
0 0 0 1 
0.993185 -0.0321832 0.112019 0.768271 
-0.0373185 0.822707 0.56724 0.661836 
-0.110414 -0.567554 0.815899 -0.29887 
0 0 0 1 
0.995967 -0.0172521 0.088044 0.788167 
-0.035787 0.823496 0.566191 0.663645 
-0.0822719 -0.567059 0.819558 -0.297319 
0 0 0 1 
0.997515 -0.0027391 0.0703986 0.805478 
-0.0376554 0.823811 0.565613 0.664082 
-0.0595443 -0.566858 0.82166 -0.295419 
0 0 0 1 
0.998462 0.000181869 0.0554456 0.81574 
-0.031583 0.823771 0.566042 0.662773 
-0.0455715 -0.566923 0.822509 -0.293003 
0 0 0 1 
0.998984 0.00824217 0.0443096 0.823561 
-0.0318352 0.824964 0.564287 0.662986 
-0.0319029 -0.565125 0.824389 -0.290549 
0 0 0 1 
0.999253 0.0158192 0.0352574 0.830817 
-0.0329209 0.826275 0.562304 0.662613 
-0.0202371 -0.563044 0.826179 -0.287664 
0 0 0 1 
0.99913 0.0257274 0.0328327 0.839743 
-0.039717 0.827294 0.560363 0.663846 
-0.0127456 -0.56118 0.827595 -0.283231 
0 0 0 1 
0.998969 0.033381 0.0307658 0.845203 
-0.0448939 0.826988 0.560424 0.664604 
-0.00673539 -0.561228 0.827634 -0.279578 
0 0 0 1 
0.999263 0.032603 0.0202398 0.850127 
-0.0383377 0.825053 0.563754 0.666137 
0.00168117 -0.564115 0.825695 -0.273511 
0 0 0 1 
0.999139 0.0373623 0.0180199 0.851897 
-0.0409655 0.8205 0.570177 0.667458 
0.0065178 -0.570424 0.821325 -0.265575 
0 0 0 1 
0.999306 0.0320612 0.0189329 0.854044 
-0.037132 0.820509 0.570426 0.66637 
0.00275391 -0.570734 0.821131 -0.256002 
0 0 0 1 
0.99903 0.0300411 0.0322203 0.85881 
-0.0430529 0.820741 0.569676 0.66878 
-0.00933082 -0.57051 0.821238 -0.242376 
0 0 0 1 
0.999209 0.0195936 0.0346144 0.861111 
-0.0358644 0.820129 0.571053 0.66935 
-0.0171994 -0.571842 0.820183 -0.22857 
0 0 0 1 
0.999543 0.0154516 0.0259718 0.861903 
-0.0276138 0.816151 0.577179 0.673473 
-0.0122785 -0.577633 0.816204 -0.20922 
0 0 0 1 
0.999753 0.0148674 0.0165178 0.865055 
-0.0217075 0.812513 0.582538 0.675761 
-0.00476009 -0.582753 0.812636 -0.192994 
0 0 0 1 
0.999887 0.0134163 0.00680251 0.868926 
-0.014841 0.80613 0.591553 0.680835 
0.00245271 -0.591587 0.806238 -0.178059 
0 0 0 1 
0.999902 0.0132601 -0.00460286 0.871492 
-0.00785834 0.800565 0.599194 0.682631 
0.0116303 -0.599099 0.80059 -0.165294 
0 0 0 1 
0.999816 0.0138241 -0.0132966 0.873153 
-0.00307475 0.799771 0.600297 0.683396 
0.0189328 -0.600146 0.799666 -0.151453 
0 0 0 1 
0.999787 0.0098727 -0.0181356 0.874496 
0.00313162 0.795633 0.60577 0.686476 
0.0204099 -0.605698 0.795433 -0.132726 
0 0 0 1 
0.999698 0.00508086 -0.0240744 0.874882 
0.0106146 0.793657 0.608272 0.690722 
0.0221974 -0.608344 0.793363 -0.119017 
0 0 0 1 
0.999513 0.00297346 -0.0310581 0.876865 
0.0168523 0.786295 0.617621 0.687352 
0.0262574 -0.617844 0.785862 -0.105988 
0 0 0 1 
0.99856 0.0107437 -0.0525601 0.881945 
0.0236529 0.791203 0.611096 0.680692 
0.0481511 -0.611459 0.78981 -0.0999746 
0 0 0 1 
0.99456 0.0323356 -0.0990161 0.894486 
0.0340159 0.797651 0.60216 0.678486 
0.0984515 -0.602253 0.792212 -0.100948 
0 0 0 1 
0.985688 0.0784732 -0.149201 0.913853 
0.026912 0.80045 0.598796 0.679489 
0.166417 -0.594241 0.786882 -0.108346 
0 0 0 1 
0.971769 0.118867 -0.203803 0.941747 
0.0251134 0.806792 0.590302 0.668432 
0.234595 -0.578755 0.78103 -0.113393 
0 0 0 1 
0.961735 0.141115 -0.234846 0.967906 
0.0211213 0.816421 0.577071 0.669909 
0.273167 -0.55995 0.7822 -0.115271 
0 0 0 1 
0.953357 0.15804 -0.257166 0.990159 
0.0200041 0.817025 0.576256 0.669841 
0.301182 -0.554521 0.775755 -0.108498 
0 0 0 1 
0.947621 0.167722 -0.271815 1.00105 
0.0186662 0.820492 0.571353 0.674822 
0.31885 -0.5465 0.774385 -0.105569 
0 0 0 1 
0.939257 0.181787 -0.291118 1.00743 
0.0198596 0.818003 0.574872 0.677578 
0.34264 -0.545734 0.764704 -0.101925 
0 0 0 1 
0.930675 0.188491 -0.313552 1.01288 
0.0259202 0.820932 0.570437 0.675408 
0.364927 -0.539019 0.759136 -0.0996588 
0 0 0 1 
0.921589 0.198567 -0.333535 1.01975 
0.0275635 0.823609 0.566487 0.677704 
0.387188 -0.531262 0.753556 -0.100444 
0 0 0 1 
0.914335 0.204211 -0.3497 1.02624 
0.0317113 0.824786 0.564555 0.675145 
0.403716 -0.527281 0.747655 -0.101814 
0 0 0 1 
0.909132 0.205685 -0.362177 1.0357 
0.036441 0.826942 0.561106 0.6735 
0.41491 -0.523317 0.744304 -0.104968 
0 0 0 1 
0.903819 0.207952 -0.373988 1.05484 
0.0407146 0.828221 0.55892 0.669874 
0.425973 -0.520389 0.740095 -0.113518 
0 0 0 1 
0.902146 0.216137 -0.373388 1.06748 
0.0359037 0.824848 0.564213 0.66697 
0.429935 -0.522409 0.736373 -0.121089 
0 0 0 1 
0.899876 0.222059 -0.375383 1.07513 
0.0322982 0.824392 0.565097 0.664741 
0.434948 -0.520642 0.734678 -0.127181 
0 0 0 1 
0.897371 0.219304 -0.382925 1.07682 
0.0404729 0.823203 0.566302 0.658441 
0.439417 -0.523681 0.729843 -0.133016 
0 0 0 1 
0.899791 0.212205 -0.381243 1.07497 
0.0426284 0.82683 0.560835 0.656294 
0.434235 -0.520885 0.734928 -0.131898 
0 0 0 1 
0.904528 0.214921 -0.368289 1.07204 
0.0339315 0.824674 0.56459 0.660378 
0.425061 -0.523184 0.738649 -0.129712 
0 0 0 1 
0.908571 0.206291 -0.363238 1.06133 
0.0399154 0.8227 0.567072 0.656599 
0.415818 -0.529725 0.739248 -0.125622 
0 0 0 1 
0.912425 0.200626 -0.356693 1.04894 
0.0402113 0.823422 0.566003 0.657142 
0.407264 -0.530779 0.743243 -0.124941 
0 0 0 1 
0.91868 0.19667 -0.34256 1.0384 
0.036259 0.821587 0.568928 0.662448 
0.393334 -0.535084 0.747645 -0.128328 
0 0 0 1 
0.917061 0.194235 -0.348241 1.0345 
0.0412979 0.822378 0.567441 0.658402 
0.396602 -0.534759 0.746149 -0.132017 
0 0 0 1 
0.900861 0.20653 -0.38183 1.04486 
0.0501135 0.824218 0.564051 0.654423 
0.431204 -0.527267 0.732156 -0.134788 
0 0 0 1 
0.869219 0.248513 -0.427433 1.07424 
0.0391964 0.827147 0.560617 0.660732 
0.492871 -0.504053 0.709231 -0.141412 
0 0 0 1 
0.848254 0.267001 -0.457356 1.11402 
0.0382277 0.830483 0.55573 0.654487 
0.528207 -0.488885 0.694254 -0.150525 
0 0 0 1 
0.830384 0.289036 -0.476361 1.14826 
0.0238532 0.83571 0.548653 0.65872 
0.55668 -0.466956 0.687066 -0.161149 
0 0 0 1 
0.807296 0.310329 -0.501965 1.17136 
0.0213088 0.834693 0.550303 0.656015 
0.589761 -0.454954 0.667232 -0.170894 
0 0 0 1 
0.781031 0.324215 -0.533737 1.19509 
0.0195349 0.841571 0.539793 0.648694 
0.624187 -0.432021 0.65096 -0.17923 
0 0 0 1 
0.764195 0.333239 -0.552229 1.21235 
0.0199986 0.843536 0.536701 0.648243 
0.644675 -0.421188 0.637962 -0.181864 
0 0 0 1 
0.749486 0.34601 -0.5644 1.22832 
0.0179329 0.841619 0.539774 0.647114 
0.661777 -0.414675 0.624577 -0.180019 
0 0 0 1 
0.747166 0.348558 -0.565907 1.2283 
0.0172834 0.840974 0.5408 0.642181 
0.664413 -0.413848 0.622322 -0.180248 
0 0 0 1 
0.758798 0.339772 -0.55568 1.22008 
0.0148854 0.843883 0.536321 0.642771 
0.651155 -0.415231 0.635279 -0.178012 
0 0 0 1 
0.767224 0.348841 -0.538217 1.21302 
0.00685579 0.834647 0.550742 0.645691 
0.641342 -0.426232 0.63797 -0.177435 
0 0 0 1 
0.774281 0.341866 -0.532557 1.21183 
0.013317 0.832544 0.553798 0.645233 
0.632703 -0.435887 0.64007 -0.182196 
0 0 0 1 
0.771663 0.332492 -0.542203 1.21575 
0.0220723 0.837967 0.545275 0.641248 
0.635648 -0.432736 0.63929 -0.187718 
0 0 0 1 
0.748275 0.351939 -0.562338 1.22781 
0.0195427 0.835612 0.548972 0.639834 
0.663102 -0.421772 0.618389 -0.186442 
0 0 0 1 
0.718996 0.373943 -0.585842 1.25327 
0.0111488 0.836608 0.547689 0.644093 
0.694925 -0.400318 0.597349 -0.175668 
0 0 0 1 
0.686314 0.395944 -0.610083 1.28943 
0.000961393 0.838332 0.54516 0.639001 
0.727305 -0.374737 0.574978 -0.152881 
0 0 0 1 
0.679246 0.387959 -0.622987 1.30314 
0.00756529 0.845112 0.534535 0.639066 
0.733872 -0.367794 0.571105 -0.144682 
0 0 0 1 
0.675048 0.389697 -0.626455 1.30768 
0.00883925 0.844783 0.535036 0.638844 
0.73772 -0.366713 0.566825 -0.137659 
0 0 0 1 
0.67033 0.395267 -0.628029 1.3078 
0.00501397 0.843897 0.536481 0.639555 
0.742046 -0.362769 0.563708 -0.13614 
0 0 0 1 
0.664881 0.394238 -0.634436 1.30639 
0.00844225 0.84535 0.534146 0.638538 
0.746901 -0.3605 0.558729 -0.13579 
0 0 0 1 
0.661116 0.396999 -0.636645 1.30673 
0.00829825 0.844619 0.535304 0.63814 
0.750238 -0.359181 0.555097 -0.134985 
0 0 0 1 
0.65994 0.395646 -0.638705 1.30886 
0.0085268 0.846113 0.532936 0.637671 
0.75127 -0.357151 0.55501 -0.133683 
0 0 0 1 
0.659203 0.395816 -0.63936 1.31179 
0.00871354 0.846175 0.532835 0.636276 
0.751915 -0.356817 0.554351 -0.130255 
0 0 0 1 
0.656409 0.395413 -0.642477 1.31902 
0.00631139 0.848725 0.528796 0.635983 
0.754379 -0.351162 0.554615 -0.125776 
0 0 0 1 
0.649738 0.397814 -0.647753 1.32766 
0.00609815 0.849374 0.527756 0.635711 
0.760134 -0.346853 0.549445 -0.12075 
0 0 0 1 
0.63941 0.40091 -0.656068 1.33814 
0.00626512 0.850549 0.525859 0.634009 
0.768841 -0.34035 0.541337 -0.115092 
0 0 0 1 
0.626615 0.404567 -0.666092 1.35204 
0.0062485 0.852064 0.523401 0.63464 
0.779303 -0.332133 0.531389 -0.107713 
0 0 0 1 
0.61753 0.409414 -0.671593 1.3657 
0.00775567 0.850639 0.525694 0.635898 
0.786509 -0.32984 0.52212 -0.0985937 
0 0 0 1 
0.614714 0.40758 -0.675281 1.37433 
0.00987607 0.852097 0.523291 0.635757 
0.788688 -0.328344 0.519771 -0.0914919 
0 0 0 1 
0.609996 0.410372 -0.677864 1.38089 
0.0106647 0.851122 0.524859 0.634648 
0.792333 -0.327391 0.514805 -0.0857019 
0 0 0 1 
0.615664 0.406644 -0.67498 1.37897 
0.0125744 0.851386 0.524389 0.63309 
0.787909 -0.331335 0.519054 -0.0837112 
0 0 0 1 
0.627665 0.398304 -0.668872 1.37036 
0.019631 0.850828 0.525078 0.630276 
0.778236 -0.342704 0.526216 -0.0822083 
0 0 0 1 
0.647474 0.394576 -0.651987 1.35997 
0.018176 0.847289 0.530821 0.633381 
0.761871 -0.355543 0.541426 -0.0798657 
0 0 0 1 
0.666378 0.381612 -0.640556 1.35031 
0.0251429 0.847109 0.530823 0.631238 
0.74519 -0.369835 0.554901 -0.076741 
0 0 0 1 
0.680567 0.369532 -0.632673 1.34593 
0.0292785 0.849092 0.527433 0.635408 
0.7321 -0.377477 0.567045 -0.0772298 
0 0 0 1 
0.677305 0.374879 -0.633028 1.34814 
0.0398571 0.840479 0.540376 0.634865 
0.734622 -0.39123 0.554319 -0.0698756 
0 0 0 1 
0.651579 0.386264 -0.652874 1.36538 
0.0356257 0.844121 0.534967 0.642168 
0.757743 -0.371833 0.536251 -0.0574322 
0 0 0 1 
0.624243 0.414265 -0.662348 1.38462 
0.0235624 0.837457 0.545995 0.642342 
0.780875 -0.35644 0.513016 -0.0384362 
0 0 0 1 
0.614801 0.427671 -0.66266 1.39431 
0.00859407 0.836528 0.547856 0.64318 
0.788636 -0.342517 0.510623 -0.0294026 
0 0 0 1 
0.60181 0.43402 -0.670411 1.41324 
-0.00341183 0.840831 0.541286 0.648381 
0.798632 -0.323464 0.507501 -0.00956705 
0 0 0 1 
0.593589 0.441274 -0.673 1.42049 
-0.00153559 0.836886 0.547376 0.653134 
0.804767 -0.323883 0.497444 0.006595 
0 0 0 1 
0.583735 0.456885 -0.6712 1.42329 
-0.004638 0.82852 0.55994 0.657038 
0.811931 -0.323743 0.485756 0.0187481 
0 0 0 1 
0.575241 0.462578 -0.674626 1.42596 
0.000842035 0.824407 0.565997 0.66076 
0.817984 -0.326153 0.473843 0.0316091 
0 0 0 1 
0.567144 0.467376 -0.678165 1.42797 
0.000869095 0.823056 0.567959 0.661921 
0.823618 -0.322704 0.466385 0.0401972 
0 0 0 1 
0.558803 0.473297 -0.680977 1.42937 
-0.0009875 0.821525 0.570172 0.661302 
0.8293 -0.317941 0.459538 0.0465523 
0 0 0 1 
0.551723 0.475754 -0.685026 1.431 
-0.00236291 0.822235 0.569144 0.660016 
0.834024 -0.312391 0.45477 0.0509272 
0 0 0 1 
0.544811 0.474835 -0.691168 1.43471 
-0.00165698 0.824841 0.565363 0.658476 
0.838557 -0.30687 0.450169 0.0570682 
0 0 0 1 
0.542018 0.477565 -0.691483 1.43681 
-0.00349885 0.82411 0.56642 0.658417 
0.84036 -0.30459 0.448353 0.0615571 
0 0 0 1 
0.538069 0.478883 -0.693652 1.43971 
-0.002497 0.823836 0.566823 0.657691 
0.842897 -0.303258 0.444476 0.0675371 
0 0 0 1 
0.533537 0.48028 -0.696182 1.44221 
-0.00393611 0.824529 0.565807 0.657327 
0.845767 -0.299139 0.441807 0.0709055 
0 0 0 1 
0.536942 0.478215 -0.694984 1.44266 
4.30644e-05 0.823798 0.566884 0.657836 
0.843619 -0.304414 0.442311 0.0734726 
0 0 0 1 
0.547887 0.479432 -0.68554 1.43527 
0.00209635 0.818693 0.574228 0.654665 
0.83655 -0.316049 0.447546 0.0737454 
0 0 0 1 
0.561316 0.469942 -0.681233 1.42926 
0.00599971 0.820809 0.571171 0.658084 
0.82758 -0.324694 0.457913 0.0723244 
0 0 0 1 
0.580512 0.464953 -0.668449 1.42052 
0.0121813 0.815886 0.578085 0.658505 
0.81416 -0.343728 0.467968 0.0747942 
0 0 0 1 
0.601754 0.462337 -0.651258 1.41224 
0.0126701 0.809788 0.586586 0.661974 
0.798581 -0.361231 0.481435 0.0766907 
0 0 0 1 
0.60703 0.455336 -0.651294 1.40353 
0.019349 0.810857 0.584925 0.663232 
0.794443 -0.367669 0.483404 0.073353 
0 0 0 1 
0.589072 0.464888 -0.660964 1.40084 
0.0272585 0.806046 0.591225 0.661465 
0.807621 -0.366291 0.462147 0.0786681 
0 0 0 1 
0.547058 0.477072 -0.687844 1.40954 
0.0230371 0.812813 0.582069 0.664008 
0.836777 -0.334272 0.433666 0.0898615 
0 0 0 1 
0.506256 0.505709 -0.698543 1.42082 
0.0154157 0.80458 0.593645 0.662585 
0.862245 -0.311305 0.399528 0.110319 
0 0 0 1 
0.469204 0.515644 -0.716909 1.43678 
0.0123215 0.807918 0.589167 0.660168 
0.883004 -0.285273 0.372725 0.137468 
0 0 0 1 
0.457802 0.511492 -0.727182 1.44531 
0.0105875 0.814733 0.57974 0.657855 
0.888991 -0.273105 0.367571 0.155598 
0 0 0 1 
0.449652 0.517924 -0.727714 1.44818 
0.00698736 0.812659 0.582698 0.658151 
0.893176 -0.267096 0.361795 0.167425 
0 0 0 1 
0.43863 0.522264 -0.731331 1.45184 
0.00499035 0.812366 0.583126 0.657476 
0.898654 -0.259426 0.353722 0.177077 
0 0 0 1 
0.429648 0.518993 -0.738951 1.45791 
0.00828904 0.816031 0.577949 0.655053 
0.902958 -0.25444 0.346304 0.18518 
0 0 0 1 
0.421324 0.520704 -0.742532 1.46424 
0.0101292 0.815996 0.577969 0.654175 
0.906854 -0.251033 0.338525 0.192084 
0 0 0 1 
0.411631 0.520173 -0.748318 1.47311 
0.0083991 0.818909 0.573862 0.651716 
0.911312 -0.242505 0.332719 0.19941 
0 0 0 1 
0.401727 0.521832 -0.752534 1.48139 
0.00809959 0.819702 0.572733 0.651129 
0.915724 -0.236178 0.32507 0.205773 
0 0 0 1 
0.389321 0.524616 -0.757104 1.49156 
0.00965634 0.819585 0.572876 0.652324 
0.921052 -0.230343 0.314016 0.214041 
0 0 0 1 
0.38139 0.527543 -0.759105 1.49983 
0.0102679 0.818706 0.574121 0.654495 
0.924357 -0.226758 0.306829 0.221186 
0 0 0 1 
0.376961 0.530852 -0.75901 1.50546 
0.0119695 0.816602 0.577077 0.653121 
0.926152 -0.22662 0.301473 0.229067 
0 0 0 1 
0.386686 0.52714 -0.756701 1.50763 
0.0163334 0.816486 0.577134 0.653569 
0.922067 -0.235529 0.307114 0.235791 
0 0 0 1 
0.401205 0.519731 -0.754264 1.50229 
0.026103 0.816622 0.576583 0.653401 
0.915616 -0.251016 0.314066 0.237224 
0 0 0 1 
0.421246 0.528014 -0.737396 1.49233 
0.0182528 0.807954 0.588963 0.657422 
0.906763 -0.261558 0.330709 0.23366 
0 0 0 1 
0.43383 0.520622 -0.735353 1.48425 
0.0271461 0.808233 0.588236 0.6558 
0.900586 -0.275157 0.336503 0.228906 
0 0 0 1 
0.451923 0.518557 -0.725853 1.47858 
0.0218895 0.806994 0.590154 0.659575 
0.891788 -0.282593 0.353349 0.222386 
0 0 0 1 
0.444845 0.530191 -0.72181 1.47139 
0.0220186 0.799227 0.600626 0.661018 
0.895337 -0.283079 0.343858 0.222327 
0 0 0 1 
0.413653 0.526961 -0.742431 1.47329 
0.0195953 0.810127 0.585927 0.661312 
0.910224 -0.256919 0.324785 0.230151 
0 0 0 1 
0.36428 0.548179 -0.752861 1.47876 
0.00448701 0.807365 0.590035 0.662188 
0.931279 -0.218316 0.291647 0.245897 
0 0 0 1 
0.332523 0.549053 -0.766792 1.48259 
0.000625089 0.81293 0.582361 0.657238 
0.943095 -0.194127 0.269974 0.266052 
0 0 0 1 
0.325417 0.536837 -0.778402 1.48683 
-0.0015455 0.82351 0.5673 0.655636 
0.94557 -0.183406 0.268813 0.278331 
0 0 0 1 
0.310414 0.543582 -0.779847 1.49064 
-0.00990386 0.822177 0.569146 0.658845 
0.95055 -0.168947 0.260599 0.289584 
0 0 0 1 
0.296302 0.544634 -0.784589 1.49453 
-0.0179749 0.824512 0.565559 0.660166 
0.954925 -0.153473 0.254094 0.294977 
0 0 0 1 
0.278361 0.542804 -0.792388 1.49956 
-0.0234392 0.828588 0.559368 0.660084 
0.96019 -0.137133 0.24337 0.299026 
0 0 0 1 
0.2605 0.542688 -0.798517 1.50422 
-0.0232543 0.830359 0.556743 0.659247 
0.965194 -0.126463 0.228929 0.303974 
0 0 0 1 
0.245587 0.542067 -0.803648 1.50664 
-0.0222765 0.831975 0.554366 0.657592 
0.969119 -0.118242 0.216397 0.30595 
0 0 0 1 
0.228797 0.540407 -0.809699 1.50866 
-0.0212697 0.834338 0.550842 0.657547 
0.973241 -0.108809 0.202388 0.310867 
0 0 0 1 
0.21931 0.538376 -0.813667 1.50892 
-0.0182649 0.83609 0.548289 0.657984 
0.975484 -0.105384 0.193196 0.314081 
0 0 0 1 
0.212467 0.541061 -0.813702 1.50761 
-0.0198294 0.83493 0.549999 0.66069 
0.976967 -0.100721 0.188124 0.318296 
0 0 0 1 
0.206699 0.546059 -0.811847 1.50561 
-0.0197435 0.831925 0.554537 0.662759 
0.978205 -0.0985933 0.182739 0.323009 
0 0 0 1 
0.20088 0.545114 -0.81394 1.50329 
-0.0193898 0.832926 0.553045 0.662877 
0.979424 -0.0953136 0.177888 0.328574 
0 0 0 1 
0.202071 0.543447 -0.814759 1.49835 
-0.0170087 0.833743 0.551891 0.662203 
0.979223 -0.0976632 0.177719 0.3365 
0 0 0 1 
0.217409 0.540776 -0.812585 1.48566 
-0.0155541 0.834312 0.551074 0.662956 
0.975957 -0.10717 0.189798 0.345945 
0 0 0 1 
0.23747 0.541765 -0.806287 1.46934 
-0.013005 0.831729 0.55503 0.663049 
0.971308 -0.121317 0.204556 0.350387 
0 0 0 1 
0.253053 0.544846 -0.799442 1.45484 
-0.00947505 0.827693 0.561101 0.665654 
0.967406 -0.134413 0.214613 0.354444 
0 0 0 1 
0.26569 0.544705 -0.795428 1.44486 
-0.00676219 0.826115 0.563461 0.665636 
0.964035 -0.144327 0.223174 0.358969 
0 0 0 1 
0.273441 0.546548 -0.791527 1.4392 
-0.00207243 0.823221 0.567717 0.667588 
0.961886 -0.153597 0.226235 0.368204 
0 0 0 1 
0.266242 0.55682 -0.786808 1.44063 
0.00124637 0.816071 0.577951 0.671244 
0.963905 -0.154855 0.216578 0.38213 
0 0 0 1 
0.246191 0.569215 -0.784464 1.4457 
-0.000979699 0.809521 0.587089 0.669946 
0.969221 -0.143768 0.199855 0.39613 
0 0 0 1 
0.249905 0.570681 -0.782222 1.44484 
0.00719165 0.806739 0.590865 0.665826 
0.968243 -0.153285 0.197504 0.408831 
0 0 0 1 
0.261102 0.567651 -0.780767 1.43516 
0.0108443 0.807049 0.590385 0.66408 
0.965251 -0.162618 0.204567 0.410008 
0 0 0 1 
0.279552 0.565375 -0.776017 1.4223 
0.0182961 0.804958 0.593051 0.673825 
0.959956 -0.179986 0.214683 0.405505 
0 0 0 1 
0.305884 0.562063 -0.768453 1.40833 
0.0292633 0.801208 0.59767 0.67229 
0.951619 -0.205305 0.228629 0.39862 
0 0 0 1 
0.312849 0.568924 -0.76056 1.40141 
0.0221165 0.796175 0.604662 0.678913 
0.949546 -0.205989 0.2365 0.39244 
0 0 0 1 
0.31342 0.572516 -0.757623 1.39393 
0.0268752 0.792155 0.609728 0.673313 
0.949234 -0.211462 0.232891 0.392236 
0 0 0 1 
0.29118 0.576938 -0.763124 1.39433 
0.021173 0.793607 0.608062 0.674209 
0.956434 -0.193213 0.218867 0.397772 
0 0 0 1 
0.249607 0.585567 -0.771238 1.39916 
0.0140954 0.794166 0.607538 0.673967 
0.968245 -0.162517 0.189976 0.418451 
0 0 0 1 
0.218709 0.594623 -0.773686 1.40287 
0.0016183 0.79266 0.609662 0.672999 
0.975789 -0.134591 0.1724 0.436566 
0 0 0 1 
0.201571 0.594234 -0.778624 1.40366 
-0.00129765 0.795103 0.606474 0.670603 
0.979473 -0.121237 0.161041 0.460165 
0 0 0 1 
0.196964 0.597811 -0.777063 1.40396 
-0.0110902 0.793897 0.607951 0.676536 
0.980348 -0.111127 0.162999 0.477009 
0 0 0 1 
0.187016 0.607787 -0.771764 1.40008 
-0.0120006 0.786979 0.616863 0.680998 
0.982284 -0.106102 0.154472 0.490254 
0 0 0 1 
0.166234 0.613053 -0.772355 1.39734 
-0.00683333 0.78395 0.620786 0.682727 
0.986063 -0.097918 0.134508 0.496862 
0 0 0 1 
0.137536 0.620807 -0.771804 1.39989 
-0.0113617 0.780147 0.625493 0.684162 
0.990432 -0.077259 0.114352 0.499688 
0 0 0 1 
0.108039 0.619361 -0.777637 1.4057 
-0.0161842 0.783208 0.621549 0.681043 
0.994015 -0.0545661 0.0946408 0.503537 
0 0 0 1 
0.0835705 0.61661 -0.78282 1.41474 
-0.02526 0.786627 0.616912 0.677862 
0.996182 -0.0317816 0.0813144 0.510857 
0 0 0 1 
0.0797567 0.609205 -0.788991 1.42151 
-0.0253147 0.792495 0.609352 0.675077 
0.996493 -0.0286268 0.0786287 0.515843 
0 0 0 1 
0.081953 0.598153 -0.797181 1.42964 
-0.0259446 0.80088 0.598262 0.668991 
0.996298 -0.0283468 0.0811533 0.521686 
0 0 0 1 
0.0869342 0.585424 -0.806053 1.43531 
-0.0282776 0.810241 0.585415 0.666459 
0.995813 -0.0280993 0.086992 0.524713 
0 0 0 1 
0.0932317 0.582176 -0.8077 1.43732 
-0.0303533 0.812518 0.582145 0.666178 
0.995182 -0.029758 0.0934234 0.527512 
0 0 0 1 
0.0989261 0.58471 -0.805188 1.43626 
-0.0328741 0.810636 0.584627 0.667673 
0.994552 -0.031365 0.0994148 0.528491 
0 0 0 1 
0.101269 0.586104 -0.803882 1.43371 
-0.0293952 0.809446 0.586458 0.667661 
0.994425 -0.0357595 0.0992002 0.528388 
0 0 0 1 
