1 0 02954340 40f0c6599f0be25fce01c07526cf2aa4
2 1 02876657 898101350771ff942ae40d06128938a1
3 5 03642806 71907a4a567dce3bb0de1e7a6809fd90
4 5 03642806 5b5247b13d5b21bdad2954b86711abbd
5 1 02876657 74e5ea1a783a5f5f533775ea6714a372
6 0 03211117 37ed0bdf52f2eaa83c5474c35497dc65
7 0 02992529 933d5c217d9c01789daa2bf0c68f794f
8 1 02876657 912a49eeda6cd8c5e3c462ac6e0f506f
9 2 02880940 5aad71b5e6cb3967674684c50f1db165
10 2 02880940 b4c43b75d951401631f299e87625dbae
11 0 03211117 529cf5ad63bd49c8ccbd9a558eb91a2f
12 0 02954340 3a666502c0432522a3340564b56a7f70
13 0 02954340 14df58bdedfbb41141edb96d309c9a23
14 0 02954340 3dec0d851cba045fbf444790f25ea3db
15 1 02876657 7446fa250adf49c5e7ef9fff09638f8e
16 0 02954340 254e230d31a62470a52821bf1aa3b19a
