1 5 03642806 5678a2173ff575d09cebe817bc1591b3
2 0 02954340 357c2a333ffefc3e90f80ab08ae6ce2
3 3 02942699 4f2a9bf0d8eb00e0a570c6c691c987a8
4 3 02942699 d680d61f934eaa163b211460f022e3d9
5 5 03642806 40e0263822860cc5d69e26904fa68e7f
6 6 03797390 7223820f07fd6b55e453535335057818
7 0 03211117 1dd3f80712873a638f6095a93258c867
8 0 03211117 45cae393b431f75e8873c005ead1ead8
9 1 02876657 2f4cf418cb91949d38fc23bb1b265fa7
10 5 03642806 16c49793f432cd4b33e4e0fe8cce118e
11 2 02880940 32f9c710e264388e2150a45ec52bcbd7
