1 0 02992529 2725909a09e1a7961df58f4da76e254b
2 0 03211117 75336682aa3e245f80ecbe6250826360
3 2 02880940 aeec00d8dd6e196451a2ad3de1977657
4 0 02992529 ae86fa976ddb0f923bb35aa9d5fb636b
5 4 02946921 ebcbb82d158d68441f4c1c50f6e9b74e
6 0 02954340 60104a0945f83b063f30fadefd6911f2
7 3 02942699 db663e3f7ee9869f5c351e299b24e355
8 3 02942699 a4b0c73d0f12bc75533388d244d29c5c
9 2 02880940 4227b58665eadcefc0dc3ed657ab97f0
10 0 03211117 3531ea4e850159dc43a6722dac94523b
11 1 02876657 3e7d7a9637e385f2fd1efdcc788bb066
12 1 02876657 7bf5bbcff98f3d272561bfd89201eee3
13 6 03797390 639a1f7d09d23ea37d70172a29ade99a
14 0 02992529 6fe550e061e70579a05d3424fd8d541a
15 3 02942699 a600991b042b2d5492348cc032adf089
16 6 03797390 52273f4b17505e898ef19a48ac4fcfdf
17 0 02954340 48052012e0500fb5a52821bf1aa3b19a
18 0 02954340 1eccbbbf1503c888f691355a196da5f
