1 6 03797390 7d282cc3cedd40c8b5c4f4801d3aada
2 4 02946921 7b643c8136a720d9db4a36333be9155
3 4 02946921 ac0eafed7aa1719b297d1fadd26a7035
4 5 03642806 57f3409e6f6c2dbc73baa2510487646b
5 3 02942699 657a650215e453846f90fff80f29e77d
6 0 02992529 2b33c33ab4beb7493ce1b993153ccc0e
7 6 03797390 71ca4fc9c8c29fa8d5abaf84513415a2
8 3 02942699 15e72ce7a8a328d1fd9cfa6c7f5305bc
9 5 03642806 24721e62300a3c4f98be7382d7a678c3
10 3 02942699 a9408583f2c4d6acad8a06dbee1d115
11 0 00000000 9746101f20473d346bbd83c2bc4c3b2e
12 0 02992529 b45f58361ed3ae739d2375e90e0e0425
13 5 03642806 b962658596d9a6ccc05c2f3d0d461abf
14 0 02992529 2acb9ffbc050ac2e48bb2194a2a904f7
