1 0 00000000 b10a04b6b2e6bc42948046fa63441a28
2 5 03642806 6f1d1ad1d8238e84957b6a4f3924d982
3 0 03211117 134c9a46684ab57271f27bd49a6cd214
4 0 02992529 933d5c217d9c01789daa2bf0c68f794f
5 0 00000000 73f004a0f2c5e09b1f20024850a8a0
6 0 02954340 c1436c38beba0005284432ce2f42f498
7 4 02946921 baaa4b9538caa7f06e20028ed3cb196e
8 0 02992529 ae7b93f3ea4238712f20ec3aefa0fb91
9 0 00000000 4e1fdafd569814c241cefd10ce5d6cc0
10 0 03211117 5bf10196a11a166466ebaa8e9b491151
11 5 03642806 2c697db8a982242d54a8d8e3b6972768
12 0 00000000 2331b83b682e6dcd1082f2ea630bf69e
13 0 03211117 49ad86b608403b8ce760531185a75b14
