1 0 00000000 f1c9ebc8417c029a4da5feafe6f1c8fc
2 2 02880940 c8a4719150446e84664b3b9b23ddfcbc
3 4 02946921 38dd2a8d2c984e2b6c1cd53dbc9f7b8e
4 4 02946921 3fd8dae962fa3cc726df885e47f82f16
5 0 03211117 72b55fd0ec85d68164ac9dbe3ce7e6be
6 0 02954340 357c2a333ffefc3e90f80ab08ae6ce2
7 0 02954340 13295f09e0e9e5d4a6e67635b9d1cee5
8 0 02992529 ab4ddf9e4130d6b560cc5a290ea3b31
9 3 02942699 2693df58698a2ca29c723bc28575d785
10 1 02876657 8be0066e544e11da664b3b9b23ddfcbc
11 3 02942699 5265ff657b9db80cafae29a76344a143
12 4 02946921 203c5e929d588d07c6754428123c8a7b
13 0 03211117 14a02f4475a5df5e337758c9d9c83ebe
14 6 03797390 b88bcf33f25c6cb15b4f129f868dedb
15 0 02954340 1eccbbbf1503c888f691355a196da5f
16 0 02992529 55698d990b8147e33c7b6ed91d531bc
17 3 02942699 a230560372fd55a410ec06105f027b7d
18 5 03642806 7c1eb7cc7dbdb68268981420d1da6237
