1 0 02954340 8338e10954ae6c5296b84415a3f1393b
2 5 03642806 7da524a31c9cfe22ea8725c845547c21
3 0 00000000 cb6ee0f8931923cd4f262ad0a8c89c0
4 3 02942699 e3dc17dbde3087491a722bdf095986a4
5 2 02880940 c1bad5cc2d9050e48aee29ee398d36ed
6 6 03797390 71ca4fc9c8c29fa8d5abaf84513415a2
7 0 02954340 6cfb76b40fc41da2a6e67635b9d1cee5
8 2 02880940 45603bffc6a2866b5d1ac0d5489f7d84
9 5 03642806 40e0263822860cc5d69e26904fa68e7f
10 4 02946921 e706cf452c4c124d77335fb90343dc9e
11 5 03642806 212bf74d7c711a1634dedfee80b7006
12 0 02992529 2725909a09e1a7961df58f4da76e254b
13 0 00000000 4bbde8accc3bbfb87f277d7152b6b3ed
