1 4 02946921 3c8af6b0aeaf13c2abf4b6b757f4f768
2 3 02942699 c9c9ffd08af8b268b52759c2c2fc0d1e
3 0 02992529 aae6554b1abe736c70ed77f7659cc6f
4 5 03642806 7a6b074fec1b8b9c810b27ad0ef73ed
5 4 02946921 28c17225887339bd6193d9e76bb15876
6 5 03642806 90c01fd78513bb99c9b20aa1b8066c46
7 4 02946921 788094fbf1a523f768104c9df46104ca
8 4 02946921 29bc4b2e86b91d392e06d87a0fadf00
9 0 02992529 d0b5b899929975558ee99126b119afe5
10 1 02876657 d2c9c369376827adf8f0533aaf004c87
11 1 02876657 63f60daa8d254f445200bdb78a83bb9b
12 5 03642806 8a0edfd20cdfc27d8ca8637757ac3f67
13 5 03642806 a520b985d944cd3bb74e0ee1cfdd5ad0
14 0 00000000 301e0388592cc17bee974d1eb57427bb
15 3 02942699 1967344f80da29618d342172201b8d8c
16 0 02954340 3a666502c0432522a3340564b56a7f70
17 0 02954340 c7122c44495a5ac6aceb0fa31f18f016
18 6 03797390 645b0e2ef3b95979204df312eabf367f
