1 0 02954340 c7122c44495a5ac6aceb0fa31f18f016
2 5 03642806 5fb5b09b324dc153ed883f1f11a51185
3 1 02876657 6ebe74793197919e93f2361527e0abe5
4 4 02946921 3fd8dae962fa3cc726df885e47f82f16
5 4 02946921 4a6ba57aa2b47dfade1831cbcbd278d4
6 0 02954340 6c607b6b3d6fc1cdf0d11ae402ef940e
7 0 00000000 b31bcdeaae689dd862af18ecbdb58c38
8 0 03211117 45a4d128553abb329bf8498db368caef
9 6 03797390 633379db14d4d2b287dd60af81c93a3c
10 0 00000000 8f4b1f242bc014b88fdda65f2c9bf85
11 5 03642806 6b61ef17b4f45050b598e8984f11eb0c
12 1 02876657 9ba6291a60113dbfeb6d856318cd1a7e
13 0 03211117 1e9d554d26d4195f37ec10b15648a127
14 4 02946921 b1980d6743b7a98c12a47018402419a2
15 0 02992529 767205e25c8755fd89d59b774c6bc1b3
