1 0 02992529 528e6424ccdcf2af21844676433a0aca
2 6 03797390 b6f30c63c946c286cf6897d8875cfd5e
3 0 00000000 d00391a3bec2a9456a44fdd49dec8069
4 0 00000000 afb2a038358c5f391fb05d58f51ec4fa
5 0 02954340 3b0a1a20ef0ce1a34c90f2ddc14dc59b
6 1 02876657 81b2ce7d719326c8fd54367fe37b16
7 6 03797390 a637500654ca8d16c97cfc3e8a6b1d16
8 0 00000000 4a15c0df0f02a9d840c20797381ee39f
9 1 02876657 6da7fa9722b2a12d195232a03d04563a
10 0 02954340 254e230d31a62470a52821bf1aa3b19a
11 6 03797390 ca198dc3f7dc0cacec6338171298c66b
12 5 03642806 1312ea502b4e9b51701c1f58e22b85e8
13 0 02954340 c7122c44495a5ac6aceb0fa31f18f016
