1 4 02946921 baaa4b9538caa7f06e20028ed3cb196e
2 0 03211117 1dccc6eee1ab6f942d692d2ec5374fbb
3 3 02942699 5334cfe15f80099f15ac67104577aee7
4 0 02992529 16d7d7be19cde848dbe1e810cdc7471d
5 1 02876657 5979870763de5ced4c8b72e8da0e65c5
6 1 02876657 6b884893938943f70b5ecdc69e74dca
7 0 02992529 a8bab81f66ac5d26acdce172dc618222
8 0 02992529 b1537f1eabb7f5009f7477e2986c440f
9 0 02992529 595901b2d5b23f58ed756341424d6b8e
10 4 02946921 baaa4b9538caa7f06e20028ed3cb196e
11 3 02942699 c9c9ffd08af8b268b52759c2c2fc0d1e
12 0 03211117 1fa9b1a775b6fd32d8d030206053b340
13 0 02992529 2703b7edaf11d79a6b203c09a4932f5
14 5 03642806 b95ca4fa91a57394e4b68d3b17c43658
