1 6 03797390 c39fb75015184c2a0c7f097b1a1f7a5
2 2 02880940 38d2122b2aa05f92e1b9b7b3765e2bea
3 0 02954340 d7de36db04c61722a52821bf1aa3b19a
4 5 03642806 a7f983f1d0642745135a402b573354e4
5 5 03642806 a9aaa5daad084d18cb5b7dfc5966f56d
6 6 03797390 b7841572364fd9ce1249ffc39a0c3c0b
7 0 02992529 84f07a9773374b062da40fdb29d70537
8 2 02880940 ab2fd38fc4f37cce86bbb74f0f607cdd
9 0 02992529 692e46bc27bcdcebbdc2330c91f5a859
10 1 02876657 3b0e35ff08f09a85f0d11ae402ef940e
11 1 02876657 26e6f23bf6baea05fe5c8ffd0f5eba47
