1 0 03211117 32be865d1baf7eb9ca4aaad7dc0e3a16
2 6 03797390 586e67c53f181dc22adf8abaa25e0215
3 0 02954340 6cfb76b40fc41da2a6e67635b9d1cee5
4 3 02942699 1967344f80da29618d342172201b8d8c
5 3 02942699 b27815a2bde54ad3ab3dfa44f5fab01
6 2 02880940 3152c7a0e8ee4356314eed4e88b74a21
7 1 02876657 9cec36de93bb49d3f07ead639233915e
8 1 02876657 347f9f4a04cc00841fba588fa05a3c38
9 0 02992529 d0b5b899929975558ee99126b119afe5
10 2 02880940 ce48ffb418b99996912a38ce5826ebb8
11 5 03642806 bd879abd9b5c15d75d66db82418edc83
12 0 02992529 30d54e046b9abe8bf1cb19f636b1c2bd
13 0 02992529 5cf5bbb8f745033195c9a4bc0e92777e
14 0 02954340 40f0c6599f0be25fce01c07526cf2aa4
15 0 03211117 6011d9bbe9b04cf7b6b6751f39e7b3e5
