1 0 02992529 7fa841359a3dce3dbcb8492ce3867c34
2 5 03642806 8b4de33bc47389d17cc7e57b94b43e43
3 0 00000000 61f90a151236d28640c20797381ee39f
4 0 02992529 b8415769dc1bc92821844676433a0aca
5 6 03797390 9af98540f45411467246665d3d3724c
6 4 02946921 dc815e056c71e2ed7c8ed5da8582ce91
7 2 02880940 530c2d8f55f9e9e8ce364511e87f52b0
8 1 02876657 10dff3c43200a7a7119862dbccbaa609
9 2 02880940 9a52843cc89cd208362be90aaa182ec6
10 3 02942699 46c09085e451de8fc3c192db90697d8c
11 3 02942699 d5624d29159a4cdb7e1c85c5c15da7fb
12 5 03642806 cacb3a7908b0bde4478a2ccf0e4d84b2
13 2 02880940 538db91266f2829bc0f7e0e05bae6131
14 0 02992529 8b08eb5ebea05e49a3ed2b429444c197
15 0 03211117 762b30a37bb098ebe7db3cc5ece34048
16 0 02954340 48052012e0500fb5a52821bf1aa3b19a
