1 6 03797390 35ce7ede92198be2b759f7fb0032e59
2 0 02992529 ae819b81ba34165dd6ec95d8e6b9f557
3 3 02942699 935fc76352a4d5fd72a90fe1ba02202a
4 0 00000000 7eba657565cc69e913f86abea5e4b9e0
5 1 02876657 11fc9827d6b467467d3aa3bae1f7b494
6 0 02954340 d18c3ce1f186c16976bb31db0358e9c6
7 0 00000000 61f90a151236d28640c20797381ee39f
8 4 02946921 baaa4b9538caa7f06e20028ed3cb196e
9 0 02992529 5ce8fc4a82d2d97736d4d4df7a719b88
10 0 00000000 23e9190aa371509820f1bd6cc69c7b
11 0 03211117 23f0e9274d835f2d75796bb36346e6ad
12 0 03211117 4b29b207acce575dafb07a946d621b3c
13 1 02876657 d34628eb8992d1f418ae046addd85243
14 6 03797390 67b9abb424cf22a22d7082a28b056a5
