1 0 00000000 4bbde8accc3bbfb87f277d7152b6b3ed
2 3 02942699 b42c73b391e14cb16f05a1f780f1cef
3 1 02876657 8adc0ce79962ac2021072d05c97a5e0a
4 2 02880940 530c2d8f55f9e9e8ce364511e87f52b0
5 6 03797390 7374ea7fee07f94c86032c4825f3450
6 5 03642806 8e38d4d1f849f024296462783ef76d22
7 1 02876657 5cbf1e8f31bae4cd67d1cb27b1ca00d7
8 4 02946921 91483776d1930de7515bc9246d80fdcc
9 5 03642806 b913c80eca0afa4a1b7e0829f0e4fe61
10 0 00000000 e90e8c13288718055216163257dea99c
11 5 03642806 cbbfa8d8eff7a681797b57ae3deab1be
12 6 03797390 c60f62684618cb52a4136492f17b9a59
13 4 02946921 3a7d8f866de1890bab97e834e9ba876c
