1 3 02942699 a59cbd50ecf38a1be2dc67b821479cc4
2 4 02946921 9effd38015b7e5ecc34b900bb2492e
3 4 02946921 28c17225887339bd6193d9e76bb15876
4 0 02954340 3dec0d851cba045fbf444790f25ea3db
5 3 02942699 97690c4db20227d248e23e2c398d8046
6 0 00000000 4e1fdafd569814c241cefd10ce5d6cc0
7 4 02946921 97ca02ee1e7b8efb6193d9e76bb15876
8 2 02880940 bb7586ebee0dc2be4e346ee2650d150
9 0 02954340 48052012e0500fb5a52821bf1aa3b19a
10 1 02876657 77c9a8391c708ae5940806ade53ef2f
11 0 02992529 4157af4a11fda8ebdd3d821abaa89276
12 0 02992529 84f07a9773374b062da40fdb29d70537
13 6 03797390 345d3e7252156db8d44ee24d6b5498e1
14 0 03211117 8449704b3c3c290ec5243a0ab191990d
15 5 03642806 6fd01f7db45bff66cf01bc59d215f0
16 5 03642806 69ca190b89d622d6def5bf46a0f0ff11
17 1 02876657 3a9516eb02206108e0c8359faeb78bbe
18 0 02992529 205b1494d7d3448e21844676433a0aca
19 4 02946921 85fa7911905e932bf485d100eb31d589
