1 3 02942699 4852ee95e7bd8556c60396a717ba6c7e
2 5 03642806 229f440bbd8f5482355323b019d9d87e
3 5 03642806 93fcc135217fdaf5c9614070d3269898
4 6 03797390 5c48d471200d2bf16e8a121e6886e18d
5 6 03797390 3a7439cfaa9af51faf1af397e14a566d
6 0 02992529 50504687883a08e3c6587b192c4cd3e
7 0 02954340 48052012e0500fb5a52821bf1aa3b19a
8 2 02880940 92f04b8d36c98d18221d647283ba1e26
9 3 02942699 97690c4db20227d248e23e2c398d8046
10 4 02946921 28c17225887339bd6193d9e76bb15876
11 5 03642806 39778c495baf4bd9ac41b162b25b4656
12 5 03642806 a01beb9be51756f3a507c96c993b141e
13 0 03211117 50934056d4c1735dc9d02d4e580c2722
