1 0 02954340 3b0a1a20ef0ce1a34c90f2ddc14dc59b
2 2 02880940 d162f269bc5fb7da85df81f999944b5d
3 6 03797390 403fb4eb4fc6235adf0c7dbe7f8f4c8e
4 1 02876657 30c6b5511ff09ac33526ea1c3de37e7
5 0 00000000 4e5602e8a655ab0ad43bb185feff0470
6 0 02954340 d18c3ce1f186c16976bb31db0358e9c6
7 5 03642806 7e5b970c83dd97b7823eead1c8e7b3b4
8 0 02992529 180ef1cc23b96050bc8c03f74d3af56
9 0 02992529 6753572868705eacdd043998582f5fa
10 2 02880940 4eefe941048189bdb8046e84ebdc62d2
11 0 02992529 3aa2fd5054465056e25336bb76be9963
12 0 02954340 dd2d95b294a7a8b4fa5b6212657ae4a4
13 6 03797390 46955fddcc83a50f79b586547e543694
14 0 02992529 b514d253eefdbfdbddfa02c62bdf0f8f
15 2 02880940 cfac22c8ca3339b83ce5cb00b21d9584
16 3 02942699 63c10cfd6f0ce09a241d076ab53023c1
17 0 00000000 b31bcdeaae689dd862af18ecbdb58c38
