1 0 03211117 830b29f6fe5d9e51542a2cfb40957ec8
2 4 02946921 297b1ba8efcbb6a86128527957a7bb1
3 1 02876657 908e85e13c6fbde0a1ca08763d503f0e
4 3 02942699 63c10cfd6f0ce09a241d076ab53023c1
5 3 02942699 58e9faa223142b7fd5af42f3e1f05e3f
6 3 02942699 db663e3f7ee9869f5c351e299b24e355
7 1 02876657 ca2341f33cd4995dae7fdc0845a47bf5
8 2 02880940 b007af6eabaa290dd42b9650f19dd425
9 1 02876657 a1bc36109cd382b78340c8802f48c170
10 2 02880940 4845731dbf7522b07492cbf7d8bec255
11 3 02942699 6d036fd1c70e5a5849493d905c02fa86
12 6 03797390 546648204a20b712dfb0e477a80dcc95
13 5 03642806 6227e7dd1a391e8d54f22ce0a3592d5
14 3 02942699 cd5fd9a2bd6792ad318e2f26ee2da02c
15 0 03211117 17226b72d812ce47272b806070e7941c
16 6 03797390 7a8ea24474846c5c2f23d8349a133d2b
