1 1 02876657 8a23e8ae357fa2b71920da6870de352
2 3 02942699 d5624d29159a4cdb7e1c85c5c15da7fb
3 0 02992529 b159743a482e73baa56eeaf8467b96e
4 0 02992529 29cf2bce2e67ae76264e721f309fb873
5 4 02946921 3fd8dae962fa3cc726df885e47f82f16
6 0 02954340 9c225cd8f50b7c353d9199581d0f4b4
7 6 03797390 513c3410e8354e5211c7f3807925346a
8 1 02876657 63d98b2654d8d2a2f9411c52486c6e63
9 2 02880940 4530e6df2747b643f6415fd62314b5ed
10 2 02880940 a1d26a16a0caa78243f1c519d66bb167
11 4 02946921 d3e24e7712e1e82dece466fd8a3f2b40
