1 5 03642806 d786b5399e27a82978522e02fc65059
2 0 03211117 44c3e596206ce29dec86cc96197c0b31
3 4 02946921 56dfb6a30f498643bbf0c65ae96423ae
4 0 00000000 2f988bec20218fa19a6e43b878d5b335
5 1 02876657 caa8379f21c74f611f058bf0578300
6 2 02880940 a83b2eb519fbef17e922c0c19528ec07
7 3 02942699 290abe056b205c08240c46d333a693f
8 5 03642806 b14ceb94c7930ee55054cc2bc9eccddf
9 0 02954340 14df58bdedfbb41141edb96d309c9a23
10 1 02876657 541c4dc1d1b42978648ed39e926e682f
11 0 02992529 c5188dbebddbad3597cfb99c9c9efbb5
12 1 02876657 c46bfae78beaa4a7988abef1fd117e7
13 5 03642806 3b9a99663babc301e2ce1e6d2467cb03
14 0 00000000 76f657e27f2aa86391a491e8257bd6fe
