1 3 02942699 a9408583f2c4d6acad8a06dbee1d115
2 0 02954340 dd2d95b294a7a8b4fa5b6212657ae4a4
3 5 03642806 2d45f63c9ab71376a1b657e38449a62
4 1 02876657 3ae3a9b74f96fef28fe15648f042f0d9
5 0 03211117 786f74cbab946ef78517036a5ca6b1c7
6 1 02876657 5561fe6ad83a5000fc0eb7bdb358f874
7 4 02946921 4a6ba57aa2b47dfade1831cbcbd278d4
8 0 02954340 30be60f95e2a3b47a6e67635b9d1cee5
9 3 02942699 22217d5660444eeeca93934e5f39869
10 2 02880940 8d457deaf22394da65c5c31ac688ec4
11 0 03211117 7c5b291091dd0a166acb8fbfb472b3a6
12 0 02992529 5ccde0c95cc0538ef39072555215f568
13 6 03797390 5582a89be131867846ebf4f1147c3f0f
14 3 02942699 22217d5660444eeeca93934e5f39869
15 4 02946921 17ef524ca4e382dd9d2ad28276314523
