1 3 02942699 cd5fd9a2bd6792ad318e2f26ee2da02c
2 5 03642806 c8309234b360aa2c747803756378b292
3 6 03797390 5582a89be131867846ebf4f1147c3f0f
4 3 02942699 6d036fd1c70e5a5849493d905c02fa86
5 1 02876657 aec6aa917d61d1faebe67d9b32c3ddf8
6 0 02992529 5cf5bbb8f745033195c9a4bc0e92777e
7 0 02992529 2acb9ffbc050ac2e48bb2194a2a904f7
8 0 02992529 d2bce5fd1fd04beeb3db4664acec42ef
9 2 02880940 6118da3aa071921b664b3b9b23ddfcbc
10 6 03797390 35ce7ede92198be2b759f7fb0032e59
11 6 03797390 83b41d719ea5af3f4dcd1df0d0a62a93
12 1 02876657 ae52386c7a6e25a1a666d1503f8e34ad
13 4 02946921 bea7315d4410d0ce83b1cdcee646c9a4
14 4 02946921 5bd768cde93ec1acabe235874aea9b9b
