1 1 02876657 4185c4eb651bd7e03c752b66cc923fdb
2 5 03642806 b51683c6285fa0f69067ac5c9d4ee692
3 0 03211117 41f428dfe76c1788957b752c832ca929
4 4 02946921 3c8af6b0aeaf13c2abf4b6b757f4f768
5 3 02942699 e57aa404a000df88d5d4532c6bb4bd2b
6 1 02876657 b00152d19e8f2b87b2d2b5b947dc0b8d
7 5 03642806 466ea85bb4653ba3a715ae636b111d77
8 1 02876657 b742bd7f675191c24ad6a0c67b7f7a5b
9 5 03642806 b6b27929b34cec44125129881929616c
10 3 02942699 e3dc17dbde3087491a722bdf095986a4
11 0 02954340 dc3e5c0457defe87a52821bf1aa3b19a
12 1 02876657 a429f8eb0c3e6a1e6ea2d79f658bbae7
13 5 03642806 1be64c0aded473d38ca8637757ac3f67
14 2 02880940 5019f979a6a360963a5e6305a3a7adee
15 6 03797390 9af98540f45411467246665d3d3724c
16 4 02946921 7b643c8136a720d9db4a36333be9155
