1 1 02876657 3b0e35ff08f09a85f0d11ae402ef940e
2 0 00000000 c76525770fe831c21082f2ea630bf69e
3 4 02946921 a70947df1f1490c2a81ec39fd9664e9b
4 1 02876657 d34628eb8992d1f418ae046addd85243
5 6 03797390 645b0e2ef3b95979204df312eabf367f
6 0 03211117 6437fc773d50e93b5c915b36bc455bdf
7 1 02876657 b742bd7f675191c24ad6a0c67b7f7a5b
8 1 02876657 20c5dff3b09282035b76194468418a0e
9 3 02942699 e3dc17dbde3087491a722bdf095986a4
10 2 02880940 a73d531b90965199e5f6d587dbc348b5
11 4 02946921 343287cd508a798d38df439574e01b2
