1 0 02954340 13295f09e0e9e5d4a6e67635b9d1cee5
2 6 03797390 403fb4eb4fc6235adf0c7dbe7f8f4c8e
3 0 03211117 3f83beaa4da6209dca62ec94d15d08
4 0 02992529 c65f71b54023ee9897d7ccf55973b548
5 2 02880940 aa70f5e55fa61d8dac6b8e58caf61f95
6 6 03797390 8570d9a8d24cb0acbebd3c0c0c70fb03
7 0 02954340 9c225cd8f50b7c353d9199581d0f4b4
8 0 02992529 5f4c8cb8b3feae768c641604807c82a
9 3 02942699 21f65f53f74f1b58de8982fc28ddacc3
10 4 02946921 9effd38015b7e5ecc34b900bb2492e
11 4 02946921 d3e24e7712e1e82dece466fd8a3f2b40
12 3 02942699 d680d61f934eaa163b211460f022e3d9
13 5 03642806 9f8cc20d6b78fc3f2c545442439c8b8
14 0 03211117 2711433532f6d1fdd7426bda0fe4ebcb
15 0 02992529 4b91c9711ca991768a57ed2dc0905847
16 1 02876657 3b956918a41da89c325e6e8eb2c67fd8
17 0 02992529 7a2a5b36831f45501b670e8e7f0f2c3e
18 0 02992529 4303a97b71a1bb894208dfa1c5fa1065
