1 1 02876657 d34628eb8992d1f418ae046addd85243
2 3 02942699 3175f1c1d0cca3c6901887a0237c0ac2
3 4 02946921 3a7d8f866de1890bab97e834e9ba876c
4 3 02942699 9e91f482b829c4d1e9fff7dfdebc774b
5 4 02946921 343287cd508a798d38df439574e01b2
6 6 03797390 659192a6ba300f1f4293529704725d98
7 0 00000000 b074f648cc99aca6fcb8d8c6d4df8143
8 5 03642806 33b46231ff0ac2e46c8f71c9d7a79dc1
9 0 02992529 2c03ac9bbb3d918411f02c4c36ed7f25
10 1 02876657 908e85e13c6fbde0a1ca08763d503f0e
11 6 03797390 162201dfe14b73f0281365259d1cf342
12 5 03642806 9cd223dd78199526628b49aa3b6c49c1
13 0 02992529 1c3795fd5c4c0a3c2efb70bd2c052734
14 4 02946921 bb487f4b77abbef0a8d976d1bb073663
15 0 02954340 7cf439aa8382299047765668cf4023ed
