1 6 03797390 b815d7e084a5a75b8d543d7713b96a41
2 0 03211117 58fceeffe91b7b1c20685b5a7e34b501
3 0 00000000 24d438e0a5966a8316f1e46eb2815c0b
4 0 03211117 402938797a9a63bee270f79b60ac4232
5 0 00000000 f86c277a6e1f444293f0194265a9746c
6 1 02876657 134c723696216addedee8d59893c8633
7 4 02946921 129880fda38f3f2ba1ab68e159bfb347
8 5 03642806 69850d70fcaf5a464161e123a102b12b
9 0 00000000 2295ad16efd16ef5fd5758ca36056ece
10 5 03642806 33b46231ff0ac2e46c8f71c9d7a79dc1
11 4 02946921 203c5e929d588d07c6754428123c8a7b
12 6 03797390 9737c77d3263062b8ca7a0a01bcd55b6
13 5 03642806 25192ef0befdd75d291d2d0d560233f4
14 4 02946921 3a9041d7aa0b4b9ad9802f6365035049
15 0 02954340 3b0a1a20ef0ce1a34c90f2ddc14dc59b
