1 1 02876657 8adc0ce79962ac2021072d05c97a5e0a
2 3 02942699 4f2a9bf0d8eb00e0a570c6c691c987a8
3 5 03642806 a4b410734514306ac401e233323032d6
4 1 02876657 4fcb653e7978812d9c3900c9619d4db4
5 6 03797390 6661c0b9b9b8450c4ee002d643e7b29e
6 0 02954340 3a666502c0432522a3340564b56a7f70
7 1 02876657 b71afc7791d18eabc573899ac6ab82e4
8 5 03642806 a17cf326705a6443a09a37cf78d1b866
9 0 03211117 72353901edbe553ef5f9c04ae80a1c59
10 4 02946921 3c8af6b0aeaf13c2abf4b6b757f4f768
11 4 02946921 a087f6b5ea424ccc785f06f424b9d06
12 0 00000000 e3f68fbd5d1629e238976998fb731b88
13 0 00000000 a1eeab052ed7be831082f2ea630bf69e
14 4 02946921 3a9041d7aa0b4b9ad9802f6365035049
15 2 02880940 260545503087dc5186810055962d0a91
16 0 02992529 68ffa3cd161114cf55f5bce8dd67399d
17 0 02954340 3a666502c0432522a3340564b56a7f70
18 1 02876657 a429f8eb0c3e6a1e6ea2d79f658bbae7
19 0 02992529 67c6c3db87a1d72b7b8e0bea6a77fb50
