1 5 03642806 6b61ef17b4f45050b598e8984f11eb0c
2 5 03642806 1622e466794cf72998536cff5312b747
3 0 02954340 13295f09e0e9e5d4a6e67635b9d1cee5
4 0 02992529 1ecbb2ddeca087b5fd71b7a0b881ae82
5 1 02876657 b742bd7f675191c24ad6a0c67b7f7a5b
6 5 03642806 6a360b7d69a4d522ce45dbec0d835ca5
7 0 02992529 26175bc1827c3569c4b311ecb3af9fe6
8 6 03797390 cc5b14ef71e87e9165ba97214ebde03
9 1 02876657 8adc0ce79962ac2021072d05c97a5e0a
10 0 02992529 d2bce5fd1fd04beeb3db4664acec42ef
11 0 02954340 9c225cd8f50b7c353d9199581d0f4b4
12 6 03797390 a6d9f9ae39728831808951ff5fb582ac
13 1 02876657 810e90684c0d4ce5636e3a589cf8c61c
