1 3 02942699 317a7ea24e661ce3bfc146552c7aa5d2
2 6 03797390 24b17537bce40695b3207096ecd79542
3 5 03642806 8faaabdbdf4764b3531a9cd007e29075
4 0 03211117 64fe6e4480939c5e9b485b25e7417c6f
5 3 02942699 cda4fc24b2a602b5b5328fde615e4a0c
6 2 02880940 12ddb18397a816c8948bef6886fb4ac
7 1 02876657 5ad47181a9026fc728cc22dce7529b69
8 0 02954340 9c225cd8f50b7c353d9199581d0f4b4
9 5 03642806 b210db4bca21536ed6daca3908cc94ab
10 3 02942699 58e9faa223142b7fd5af42f3e1f05e3f
11 2 02880940 a95e0d8b37f8ca436a3309b77df3f951
12 4 02946921 e706cf452c4c124d77335fb90343dc9e
13 0 02992529 3a8b1287aed892ba5661e3450b04a6b4
14 4 02946921 bf974687b678c66e93fb5c975e8de2b7
15 0 03211117 63d4e03c4effa06d6845a0762dd07baf
16 4 02946921 d052c17866cf5cf8387e8ce4aad01a52
