1 0 00000000 f2dbcc8dd8a7c604865a5ebd0b487fe6
2 4 02946921 ac0eafed7aa1719b297d1fadd26a7035
3 3 02942699 60923e8a6c785a8755a834a7aafb0236
4 3 02942699 936a458fdb8eb12171dc2053392a6e6f
5 0 02954340 9c225cd8f50b7c353d9199581d0f4b4
6 4 02946921 7b643c8136a720d9db4a36333be9155
7 0 02992529 434e23fb04effbb86bc30c6a9ae3d46e
8 5 03642806 1622e466794cf72998536cff5312b747
9 0 02992529 6fe550e061e70579a05d3424fd8d541a
10 0 03211117 7c5b291091dd0a166acb8fbfb472b3a6
11 0 02954340 3b0a1a20ef0ce1a34c90f2ddc14dc59b
