1 0 03211117 46609dafc47fdf2b74b687cfa539ab78
2 0 03211117 6437fc773d50e93b5c915b36bc455bdf
3 0 03211117 2d56817501cf5fdbf477ab3f8ee0ba9c
4 6 03797390 4815b8a6406494662a96924bce6ef687
5 3 02942699 e57aa404a000df88d5d4532c6bb4bd2b
6 0 00000000 435cd82d4017a783dccb54aff8e9710f
7 3 02942699 9726bf2b38d817eab169d2793795b997
8 0 03211117 2198dccbee4d38e11a23ce2d1a5d3925
9 0 02954340 6c607b6b3d6fc1cdf0d11ae402ef940e
10 0 02992529 2acb9ffbc050ac2e48bb2194a2a904f7
11 6 03797390 9426e7aa67c83a4c3b51ab46b2f98f30
12 3 02942699 b42c3da473bb4226dbe4bc54590e1d59
13 0 00000000 a4274a5db19db1ed7c8a96b42661aee8
14 0 02954340 30be60f95e2a3b47a6e67635b9d1cee5
15 0 03211117 64a769a9a884d63f802380d5ccf70dc
16 0 00000000 72dd1dca3421f63576bb31db0358e9c6
17 5 03642806 58c9c43b8f4c39b25a9aadea699fb864
18 0 03211117 45406c697e4fcbced742faccfe08d94c
19 1 02876657 43ad6585f6b9a64675e1008a71b1c5e9
