1 4 02946921 29bc4b2e86b91d392e06d87a0fadf00
2 0 03211117 18dd6b73f3ac2fa26da250acc5e18ffc
3 2 02880940 708fce7ba7d911f3d5b5e7c77f0efc2
4 0 02954340 30be60f95e2a3b47a6e67635b9d1cee5
5 0 02954340 8338e10954ae6c5296b84415a3f1393b
6 4 02946921 28c17225887339bd6193d9e76bb15876
7 4 02946921 d3e24e7712e1e82dece466fd8a3f2b40
8 6 03797390 645b0e2ef3b95979204df312eabf367f
9 0 02954340 90c6bffdc81cedbeb80102c6e0a7618a
10 0 02954340 3dec0d851cba045fbf444790f25ea3db
11 2 02880940 bbf4b10b538c7d03bcbbc78f3e874841
12 5 03642806 30cd08287b6ddeadb275781e0d014d27
13 2 02880940 a08af31cb43f1f662d88c45db31bc366
14 0 02954340 1fc6f3aebca014ab19ba010ddb4974fe
15 0 02954340 3b0a1a20ef0ce1a34c90f2ddc14dc59b
16 5 03642806 cc691d9e8e189ce47a381a112bfd785
17 2 02880940 24907349b2323824664b3b9b23ddfcbc
18 0 02992529 78855e0d8d27f00b42e82e1724e35ca
