1 5 03642806 2dbabd43fdc9e21ffae724b4e4a1ff51
2 0 00000000 cebb0e2be3b2cc1b474465268b958bdc
3 6 03797390 6dd59cc1130a426571215a0b56898e5e
4 5 03642806 17069b6604fc28bfa2f5beb253216d5b
5 6 03797390 6d2657c640e97c4dd4c0c1a5a5d9a6b8
6 4 02946921 9effd38015b7e5ecc34b900bb2492e
7 0 00000000 e6daa1435018a044da5feafe6f1c8fc
8 2 02880940 5bb12905529c85359d3d767e1bc88d65
9 0 03211117 73895e2bed7007fb2df5ba101cd14a11
10 5 03642806 33b9567a9f534747cdd9e16bfb7eee3d
11 1 02876657 77c9a8391c708ae5940806ade53ef2f
12 5 03642806 40935d32976b7dd3c8ed5bb8c3ee3317
13 1 02876657 1d4480abe9aa45ce51a99c0e19a8a54
14 0 03211117 28ec688f444eeb4a394b1e418d5c594
15 0 02954340 a444fff8c769de616a10eb60523df1e9
