1 0 00000000 37e72e4a18a4d0ede2e4961161b75547
2 1 02876657 1ffd7113492d375593202bf99dddc268
3 0 02992529 6e30906a4d0854e9f31b75c4a94a8879
4 0 03211117 5282a5a7482b317ae81a51f0a8c4cae1
5 5 03642806 a520b985d944cd3bb74e0ee1cfdd5ad0
6 6 03797390 8012f52dd0a4d2f718a93a45bf780820
7 1 02876657 365f8a3cf397adf66e71bbd43f7f5d20
8 0 03211117 8359589eb5c647a61f571c9e890db987
9 5 03642806 6103fd8c11413be975e42c1faa1148bb
10 5 03642806 774f062adc4130eca309fc846e6b0c18
11 3 02942699 2153bc743019671ae60635d9e388f801
12 0 00000000 4b006452e6cf43d53ac61a2f8346a8f
13 0 02992529 d2bce5fd1fd04beeb3db4664acec42ef
14 2 02880940 429a622eac559887bbe43d356df0e955
15 0 00000000 bb6a09f63ccb939a2d4ead5a1be351b7
