1 1 02876657 546eded3ac7801412389a54fb53b0765
2 5 03642806 7941f26b5f18d9554ab5d84c066f37
3 0 03211117 397644e58faef380e441f5bb6f88ca61
4 0 00000000 5b7fcd85ce6fd1931377689fa4e4b2d6
5 5 03642806 2c697db8a982242d54a8d8e3b6972768
6 0 03211117 795fab6a3c23c0779f8445dce6fc950e
7 6 03797390 b18bf84bcd457ffbc2868ebdda32b945
8 0 02954340 3a666502c0432522a3340564b56a7f70
9 3 02942699 d5624d29159a4cdb7e1c85c5c15da7fb
10 0 03211117 1dd3f80712873a638f6095a93258c867
11 2 02880940 ce48ffb418b99996912a38ce5826ebb8
12 4 02946921 85fa7911905e932bf485d100eb31d589
13 0 00000000 7ea57db538494a2fc1ccec171a275967
