1 0 02954340 6cfb76b40fc41da2a6e67635b9d1cee5
2 2 02880940 b4c43b75d951401631f299e87625dbae
3 0 02992529 bc301249d58b89b638d913262f25e96d
4 0 02992529 ab4ddf9e4130d6b560cc5a290ea3b31
5 4 02946921 b1980d6743b7a98c12a47018402419a2
6 2 02880940 c0f57c7f98d2581c744a455c7eef0ae5
7 0 03211117 1a92ca1592aefb2f9531a714ad5bf7d5
8 0 02954340 13295f09e0e9e5d4a6e67635b9d1cee5
9 1 02876657 244894af3ba967ccd957eaf7f4edb205
10 2 02880940 6a772d12b98ab61dc26651d9d35b77ca
11 0 00000000 65b6279a17e7ace2df17c838e7147b58
12 5 03642806 bcf57a7cbbe77f2e41567ce9c420c236
13 6 03797390 159e56c18906830278d8f8c02c47cde0
14 1 02876657 91235f7d65aec958ca972daa503b3095
15 1 02876657 957f897018c8c387b79156a61ad4c01
16 4 02946921 990a058fbb51c655d773a8448a79e14c
17 5 03642806 9cb17f33ba3c057255d5baa5be4ca05
18 3 02942699 936a458fdb8eb12171dc2053392a6e6f
19 0 00000000 16bc13ee237ebeb38460585fe283a1c9
