1 2 02880940 ce905d4381d4daf65287b12a83c64b85
2 2 02880940 68582543c4c6d0bccfdfe3f21f42a111
3 3 02942699 509017601d92a7d1db286a46dfc37518
4 0 02992529 c70daedaade33fd0fb24e6a63c26ad2d
5 6 03797390 10c2b3eac377b9084b3c42e318f3affc
6 0 02992529 9b74db2ebc90ae4789905122ac8b41f3
7 0 02954340 a1494210f6774b87b3e0e60b857dde8f
8 0 02992529 cf0dc63412541764cf9d394118de0d0
9 3 02942699 a9408583f2c4d6acad8a06dbee1d115
10 1 02876657 523cddb320608c09a37f3fc191551700
11 3 02942699 2693df58698a2ca29c723bc28575d785
12 3 02942699 cda4fc24b2a602b5b5328fde615e4a0c
13 2 02880940 c2882316451828fd7945873d861da519
14 0 03211117 324ef9fa783f6fa3a70ed7ac6903e853
