1 0 02954340 89717260f663fe13a9d8b37b5c73935c
2 0 02992529 2874447c7552c6b942f892024869e751
3 5 03642806 c3eac3a391b81bc8387188c556ebf654
4 0 02992529 4dfc1e4efd7fbf083cdba96133f0c38f
5 6 03797390 32e197b8118b3ff6a4bd4f46ba404890
6 0 02992529 ce0d1ea23002e463861d8a7d0e05bb62
7 4 02946921 85fa7911905e932bf485d100eb31d589
8 2 02880940 3f56833e91054d2518e800f0d88f9019
9 0 00000000 5f9b4ffc555c9915a3451bc89763f63c
10 2 02880940 aad3cd6a40a15cb8664b3b9b23ddfcbc
11 0 03211117 3863575f24e6bbe3fe5c8ffd0f5eba47
12 5 03642806 5eefc8f2d755c843614c1d5b48350fb
13 0 03211117 31ef46873b20e53274e7ea1d002bf071
14 3 02942699 3d18881b51009a7a8ff43d2d38ae15e1
15 6 03797390 73b8b6456221f4ea20d3c05c08e26f
16 3 02942699 a9408583f2c4d6acad8a06dbee1d115
17 0 00000000 8f61777bf6b57fedc13545c5b1a2e607
18 3 02942699 b27815a2bde54ad3ab3dfa44f5fab01
