1 6 03797390 6500ccc65e210b14d829190312080ea3
2 0 03211117 75237ff4dabf0e9592552ad7302636b3
3 6 03797390 c7f8d39c406fee941050b055aafa6fb8
4 4 02946921 e706cf452c4c124d77335fb90343dc9e
5 1 02876657 7980922e83b5461febe67d9b32c3ddf8
6 1 02876657 2f4cf418cb91949d38fc23bb1b265fa7
7 0 02992529 addf767a669d9732691c3af43bf5f97e
8 0 03211117 4a2a1d7cf80d6031275d003e423c59ba
9 5 03642806 d380e53dafa66c1a86a7e0484f5238e4
10 0 02992529 623bc1157836ddeff8a51dbffe0021e4
11 6 03797390 9426e7aa67c83a4c3b51ab46b2f98f30
12 5 03642806 76005568c6a76385c8f56abbf37ac61c
13 0 03211117 3e9af28eb2d6e216a4e3429ccb8eaf16
