1 0 02992529 9d021614c39c53dabee972a203aaf80
2 4 02946921 297b1ba8efcbb6a86128527957a7bb1
3 3 02942699 39419e462f08dcbdc98cccf0d0f53d7
4 2 02880940 11547e8d8f143557525b133235812833
5 0 02992529 595901b2d5b23f58ed756341424d6b8e
6 2 02880940 4530e6df2747b643f6415fd62314b5ed
7 5 03642806 67e882442eb4c03255e8ddeaf1791474
8 1 02876657 b742bd7f675191c24ad6a0c67b7f7a5b
9 6 03797390 1038e4eac0e18dcce02ae6d2a21d494a
10 3 02942699 82819e1201d2dc583a3e53900c6cbba
11 0 02992529 864e5512dd35164b2d477e233bc97afe
12 0 00000000 ed45838f0c557b778a0c77569eaa010f
