1 0 03211117 4d74d8c3df7a85051d225d751745cd28
2 1 02876657 5e896bc124bc0af9fd590443d27a974e
3 1 02876657 7b1fc86844257f8fa54fd40ef3a8dfd0
4 1 02876657 2927d6c8438f6e24fe6460d8d9bd16c6
5 0 02954340 254e230d31a62470a52821bf1aa3b19a
6 6 03797390 d32cd77c6630b77de47c0353c18d58e
7 1 02876657 523cddb320608c09a37f3fc191551700
8 0 02954340 13295f09e0e9e5d4a6e67635b9d1cee5
9 0 02992529 ad0af9e3dc8473296841a8d53aa30506
10 3 02942699 15e72ce7a8a328d1fd9cfa6c7f5305bc
11 1 02876657 af853a8c58d2b631992eedbdd14b936d
12 6 03797390 9278005254c8db7e95f577622f465c85
13 0 03211117 2ca1353d647e5c51df8d3317f6046bb8
14 6 03797390 7d282cc3cedd40c8b5c4f4801d3aada
15 0 03211117 62188618e7d0b2f23dabafedd9562ca6
16 0 00000000 65b6279a17e7ace2df17c838e7147b58
