1 6 03797390 8b780e521c906eaf95a4f7ae0be930ac
2 0 03211117 5fda7abf1b684ae8f464a4627ebb5e55
3 6 03797390 403fb4eb4fc6235adf0c7dbe7f8f4c8e
4 0 00000000 133c16fc6ca7d77676bb31db0358e9c6
5 0 00000000 59d8bc2a9d837719b362845c6edb57fc
6 6 03797390 1a1c0a8d4bad82169f0594e65f756cf5
7 6 03797390 8f550770386a6cf82f23d8349a133d2b
8 0 02992529 b140bdd32b0287a64a21fc95f845c2fa
9 0 02954340 40f0c6599f0be25fce01c07526cf2aa4
10 2 02880940 5aad71b5e6cb3967674684c50f1db165
11 4 02946921 10c9a321485711a88051229d056d81db
12 4 02946921 3a7d8f866de1890bab97e834e9ba876c
13 0 02954340 13295f09e0e9e5d4a6e67635b9d1cee5
14 2 02880940 ab2fd38fc4f37cce86bbb74f0f607cdd
15 3 02942699 d6721b4ee3d004b8c7e03242f1bf8d19
16 0 02954340 18387b36aa7b2d4af0d11ae402ef940e
17 3 02942699 a59cbd50ecf38a1be2dc67b821479cc4
