1 0 03211117 742705ebaa879604f2e5d34c7b677bc4
2 0 02954340 1fc6f3aebca014ab19ba010ddb4974fe
3 3 02942699 b92acfcd92408529d863a5ae2bdfd29
4 0 02954340 3957332e2d23ff61ce2704286124606b
5 1 02876657 1ffd7113492d375593202bf99dddc268
6 3 02942699 4852ee95e7bd8556c60396a717ba6c7e
7 2 02880940 9a52843cc89cd208362be90aaa182ec6
8 4 02946921 ac0eafed7aa1719b297d1fadd26a7035
9 0 02992529 55698d990b8147e33c7b6ed91d531bc
10 5 03642806 298cf1c20abcd641f9f562601150287
11 0 00000000 45f56ad8c0f4059323166544c0deb60f
