1 2 02880940 12ddb18397a816c8948bef6886fb4ac
2 0 02992529 93cc80bca9e1812a64a09de5345a6fef
3 0 02992529 2bb42eb0676116d41580700c4211a379
4 0 02954340 c1436c38beba0005284432ce2f42f498
5 0 03211117 5a20c7f723b42d2b74ff95ba57b167a8
6 5 03642806 b95ca4fa91a57394e4b68d3b17c43658
7 4 02946921 203c5e929d588d07c6754428123c8a7b
8 0 03211117 3defd11d1a251becc2fd601ec7a8062b
9 4 02946921 788094fbf1a523f768104c9df46104ca
10 2 02880940 c8a4719150446e84664b3b9b23ddfcbc
11 0 02992529 528e6424ccdcf2af21844676433a0aca
12 0 03211117 7c06bba1afa0553225a454369d791fb0
13 5 03642806 125c93cbc6544bd1f9f50a550b8c1cce
14 0 02954340 8b2951e32e0906bb5f6cb4951755315c
15 1 02876657 9012b03ddb6d9a3dfbe67b89c7bdca4f
