1 0 00000000 de69d6441bbf8d39230a4d129580843a
2 0 03211117 6946bf798ab999b7cfbd2b4a434b378
3 3 02942699 17a010f0ade4d1fd83a3e53900c6cbba
4 1 02876657 b95559b4f2146b6a823177feb9bf5114
5 0 00000000 10312d9d07db5d9a4159aeb47682f2cb
6 1 02876657 1ffd7113492d375593202bf99dddc268
7 0 02992529 625e2b043a61452b80d5f0084d375f75
8 6 03797390 cc5b14ef71e87e9165ba97214ebde03
9 0 02954340 3a666502c0432522a3340564b56a7f70
10 4 02946921 2eeefdfc9b70b89eeb153e9a37e99fa5
11 0 03211117 4f11144acd79460b120322eac6386b
12 2 02880940 a29f53390194166665c638ab0bc6bc66
