1 5 03642806 6a9cffdd120720a6512143cd347a4650
2 5 03642806 18fdfff5acc4eb28e2720b34eb9e71b9
3 3 02942699 db663e3f7ee9869f5c351e299b24e355
4 0 02992529 ad0af9e3dc8473296841a8d53aa30506
5 0 03211117 676e65417cd3d59f3aabc01aa1c5608b
6 1 02876657 caa8379f21c74f611f058bf0578300
7 0 02954340 40f0c6599f0be25fce01c07526cf2aa4
8 5 03642806 9a0cafe6dfafe0503fe4aa36ea0cc020
9 0 00000000 4d139f21350f64d2425a06bba46b20dd
10 6 03797390 5b0c679eb8a2156c4314179664d18101
11 3 02942699 a4b0c73d0f12bc75533388d244d29c5c
