1 0 02992529 c8948cb8ec0f10ebc2287ee053005989
2 1 02876657 3dbd66422997d234b811ffed11682339
3 4 02946921 af444e72a44e6db153c22afefaf6f2a4
4 4 02946921 343287cd508a798d38df439574e01b2
5 2 02880940 441cac4bae5c7c315c2a2c970803cfe2
6 0 00000000 d98c3d6304228f36d3cb982c5a53c2d2
7 0 02954340 138d0b89ab5b5fa52821bf1aa3b19a
8 4 02946921 5bd768cde93ec1acabe235874aea9b9b
9 0 03211117 85d0ff09690c539cfc727671f5682283
10 0 02992529 da1fcb7a374f9c43397c13131c65cbca
11 6 03797390 8b1dca1414ba88cb91986c63a4d7a99a
12 6 03797390 d32cd77c6630b77de47c0353c18d58e
13 0 02992529 50504687883a08e3c6587b192c4cd3e
14 0 02992529 9911b2ee8470d6dab2098fa3046754f
15 3 02942699 51176ec8f251800165a1ced01089a2d6
16 6 03797390 c2eacc521dd65bf7a1c742bb4ffef210
17 0 03211117 5c79b27734380b011a9e831992816ab
18 4 02946921 91a524cc9c9be4872999f92861cdea7a
