1 0 02992529 bacbf0d14e0cb5df6a802ef1ce963117
2 4 02946921 17ef524ca4e382dd9d2ad28276314523
3 1 02876657 b8767b71c2216dcad317c475f024f3b8
4 2 02880940 a593e8863200fdb0664b3b9b23ddfcbc
5 4 02946921 7b643c8136a720d9db4a36333be9155
6 3 02942699 17a010f0ade4d1fd83a3e53900c6cbba
7 0 00000000 1d7eb22189100710ca8607f540cc62ba
8 4 02946921 af444e72a44e6db153c22afefaf6f2a4
9 0 03211117 12c1b3fa24cce3e75745b9fe8da12812
10 3 02942699 21f65f53f74f1b58de8982fc28ddacc3
11 6 03797390 c39fb75015184c2a0c7f097b1a1f7a5
12 0 00000000 4d139f21350f64d2425a06bba46b20dd
13 3 02942699 317a7ea24e661ce3bfc146552c7aa5d2
14 1 02876657 ab6792cddc7c4c83afbf338b16b43f53
15 5 03642806 4bacb1694e86005afb6e846333373df8
16 1 02876657 3a9516eb02206108e0c8359faeb78bbe
17 3 02942699 d6721b4ee3d004b8c7e03242f1bf8d19
18 0 02992529 b1d1d6a5f46a30894884e1105772427c
