1 0 02992529 c7fef6ae7f7f91814a0be3d856af9ad
2 2 02880940 b69e25e7ab9b829215b14098c484b7c1
3 6 03797390 1a97f3c83016abca21d0de04f408950f
4 0 00000000 a64761b5f748cc61082f2ea630bf69e
5 3 02942699 87b8cec4d55b5f2d75d556067d060edf
6 4 02946921 a70947df1f1490c2a81ec39fd9664e9b
7 0 00000000 d685415d4fcd3205a24eeca91f583600
8 0 03211117 132df41128e6b43356fd3a55668db806
9 6 03797390 9196f53a0d4be2806ffeedd41ba624d6
10 6 03797390 9426e7aa67c83a4c3b51ab46b2f98f30
11 0 00000000 b9c8536f91ec3bcd3aff44a57f77b39
12 0 02992529 b1d1d6a5f46a30894884e1105772427c
13 4 02946921 990a058fbb51c655d773a8448a79e14c
