1 0 03211117 5c53dd3bab676b6444ac2f2630483b52
2 4 02946921 203c5e929d588d07c6754428123c8a7b
3 5 03642806 6489453e322cdb53f9f3c6290096f50f
4 0 02954340 1eccbbbf1503c888f691355a196da5f
5 0 02954340 dd2d95b294a7a8b4fa5b6212657ae4a4
6 0 03211117 5c53dd3bab676b6444ac2f2630483b52
7 2 02880940 3152c7a0e8ee4356314eed4e88b74a21
8 6 03797390 586e67c53f181dc22adf8abaa25e0215
9 0 00000000 b9c8536f91ec3bcd3aff44a57f77b39
10 2 02880940 879a5c740b25ef5c7a88a2ad67bfd073
11 0 02992529 6907dd835a22c32f46895db2a69f45e2
