1 6 03797390 32e197b8118b3ff6a4bd4f46ba404890
2 0 02992529 864e5512dd35164b2d477e233bc97afe
3 5 03642806 aec07e314b2fdb8a60a676833b21afd4
4 2 02880940 7d7bdea515818eb844638317e9e4ff18
5 0 03211117 742705ebaa879604f2e5d34c7b677bc4
6 4 02946921 bf974687b678c66e93fb5c975e8de2b7
7 5 03642806 9cb17f33ba3c057255d5baa5be4ca05
8 6 03797390 71ca4fc9c8c29fa8d5abaf84513415a2
9 2 02880940 b5d1f064841b476dba5342d638d0c267
10 3 02942699 3175f1c1d0cca3c6901887a0237c0ac2
11 0 02992529 6907dd835a22c32f46895db2a69f45e2
12 5 03642806 1d66c26055573243a0efaa0482f35281
13 2 02880940 6494761a8a0461777cba8364368aa1d
