1 2 02880940 1b4d7803a3298f8477bdcb8816a3fac9
2 0 03211117 45a4d128553abb329bf8498db368caef
3 6 03797390 b7841572364fd9ce1249ffc39a0c3c0b
4 0 03211117 846b6c8cf241ce2648d13901d1f48e04
5 2 02880940 7c43116dbe35797aea5000d9d3be7992
6 5 03642806 6b4698eadedd956cd2079b28d473791b
7 0 03211117 83ceb90b398df731a8b411915b2949d6
8 5 03642806 b436271050d647052f8d6d501b18a4b5
9 0 02992529 41f5caf37dafdecc5dcb6feb4bf8ce13
10 0 02954340 30be60f95e2a3b47a6e67635b9d1cee5
11 2 02880940 9024177b7ed352f45126f17934e17803
12 1 02876657 b35081bcc11ff7847b8ec2c9a49686dd
13 0 02954340 c7122c44495a5ac6aceb0fa31f18f016
14 6 03797390 43e1cabc5dd2fa91fffc97a61124b1a9
