1 3 02942699 b42c73b391e14cb16f05a1f780f1cef
2 3 02942699 a59cbd50ecf38a1be2dc67b821479cc4
3 2 02880940 aa70f5e55fa61d8dac6b8e58caf61f95
4 0 02992529 7a4619d2240ac470620d74c38ad3f68f
5 4 02946921 5bd768cde93ec1acabe235874aea9b9b
6 0 00000000 408af35642971375be13ce34aa7c0c1c
7 3 02942699 9b4953f653bfdd40ea41ceac179ca4d4
8 0 02992529 b514d253eefdbfdbddfa02c62bdf0f8f
9 0 00000000 b9c8536f91ec3bcd3aff44a57f77b39
10 0 00000000 4a175db3a8cad99b5dd5ceb34f6e33d9
11 0 02954340 3a666502c0432522a3340564b56a7f70
12 0 00000000 23e9190aa371509820f1bd6cc69c7b
13 5 03642806 5d544ee4b094c6606436916a86a90ed7
14 0 00000000 6d14f1e95641dbb329a42a0444436860
