1 0 02992529 71fb433e386a5547f63375fea17cbfe4
2 1 02876657 adace8a468fd575037939c05190e283f
3 5 03642806 13330d1e7b199dd82530b9c2b65d3f86
4 3 02942699 a9408583f2c4d6acad8a06dbee1d115
5 0 00000000 e90e8c13288718055216163257dea99c
6 3 02942699 e3dc17dbde3087491a722bdf095986a4
7 0 03211117 73669f92851d3b28eb34db531a289b8e
8 1 02876657 1e5abf0465d97d826118a17db9de8c0
9 5 03642806 d786b5399e27a82978522e02fc65059
10 3 02942699 8b4f63046ee3bf99373b92b376321e13
11 0 02954340 1eccbbbf1503c888f691355a196da5f
12 0 02992529 d4407c240737b0c73455cac94a339dea
13 2 02880940 c1bad5cc2d9050e48aee29ee398d36ed
14 2 02880940 1f910faf81555f8e664b3b9b23ddfcbc
15 0 02992529 84f07a9773374b062da40fdb29d70537
16 5 03642806 9297e108b9780fe7da0ccb8671dd235b
