1 0 02992529 8ce0fff87979560bed1f9cd2184d7b73
2 0 00000000 fb06b00775efdc8e21b85e5214b0d6a7
3 6 03797390 cc5b14ef71e87e9165ba97214ebde03
4 0 02992529 29c5585362cf4aa5b4f6326696174df2
5 0 00000000 d52f696ab86b354624933d5e1bb8057d
6 1 02876657 7778c06ab2af1121b4bfcf9b3e6ed915
7 1 02876657 cbc1cbc9cf65e9c2fd1d6016d24cc8d
8 2 02880940 524eb99c8d45eb01664b3b9b23ddfcbc
9 3 02942699 98fc1afc8dec9773b10c2418bc64b141
10 0 02954340 3dec0d851cba045fbf444790f25ea3db
11 5 03642806 39778c495baf4bd9ac41b162b25b4656
12 5 03642806 6a9cffdd120720a6512143cd347a4650
13 0 02992529 ad0af9e3dc8473296841a8d53aa30506
14 6 03797390 52273f4b17505e898ef19a48ac4fcfdf
