1 0 02954340 a444fff8c769de616a10eb60523df1e9
2 4 02946921 a70947df1f1490c2a81ec39fd9664e9b
3 1 02876657 98f2bdf417a15ceaa5d6dc096343ac63
4 0 02992529 6bda193370e2c7e9a30edee0b4a86a6c
5 0 00000000 777a686890d74b350359b4e03cfdfa
6 0 02954340 357c2a333ffefc3e90f80ab08ae6ce2
7 2 02880940 cda15ee9ad73f9d4661dc36b3dd991aa
8 0 02992529 7a4619d2240ac470620d74c38ad3f68f
9 0 00000000 36dee516ac98dcadb6781382c9d625f6
10 5 03642806 bfd92b43d97b6d27f2b46e2da97eabda
11 4 02946921 dc815e056c71e2ed7c8ed5da8582ce91
12 0 00000000 567df77255c293b3352e5d4d2615db5b
13 4 02946921 a5bab9546d6a1baa33ff264b2ec3aaa9
14 0 00000000 d5881d42567baaf5dc19a9901b7e9a4f
15 5 03642806 3dd1b4cdc6d3b33f676394b063daab40
16 6 03797390 5582a89be131867846ebf4f1147c3f0f
17 3 02942699 9533618250e35304514fae39ba03db5
18 4 02946921 990a058fbb51c655d773a8448a79e14c
19 3 02942699 74ebdf5a3cdf33ebc6966f67e1bb9e90
