1 6 03797390 3a7439cfaa9af51faf1af397e14a566d
2 6 03797390 85a2511c375b5b32f72755048bac3f96
3 6 03797390 1dd8290a154f4b1534a8988fdcee4fde
4 3 02942699 8b4f63046ee3bf99373b92b376321e13
5 3 02942699 db663e3f7ee9869f5c351e299b24e355
6 0 02992529 6907dd835a22c32f46895db2a69f45e2
7 5 03642806 be6a1fba2165bdfe2f81cb887dc35578
8 2 02880940 4eefe941048189bdb8046e84ebdc62d2
9 0 02992529 3f3770476f094a6f2093f68f248ba9f6
10 0 02992529 29c5585362cf4aa5b4f6326696174df2
11 2 02880940 b4c43b75d951401631f299e87625dbae
12 5 03642806 aec07e314b2fdb8a60a676833b21afd4
13 1 02876657 5ca994bd512be485db3bac7ad77ae88e
14 1 02876657 26e6f23bf6baea05fe5c8ffd0f5eba47
15 6 03797390 1be6b2c84cdab826c043c2d07bb83fc8
