1 5 03642806 66e3b7c7f2e8e9297fd8853234f5e918
2 3 02942699 a8961c59576972cb57682b709eb0ab19
3 2 02880940 34875f8448f98813a2c59a4d90e63212
4 5 03642806 662bff93f075e8f29a4b8c8271f09050
5 6 03797390 a8f7a0edd3edc3299e54b4084dc33544
6 3 02942699 74ebdf5a3cdf33ebc6966f67e1bb9e90
7 6 03797390 71995893d717598c9de7b195ccfa970
8 0 03211117 7a89e5ca49a48bf6fc22823f73266007
9 2 02880940 9a52843cc89cd208362be90aaa182ec6
10 0 02954340 6c607b6b3d6fc1cdf0d11ae402ef940e
11 0 02954340 d18c3ce1f186c16976bb31db0358e9c6
12 4 02946921 91a524cc9c9be4872999f92861cdea7a
13 4 02946921 b1980d6743b7a98c12a47018402419a2
14 5 03642806 6b4698eadedd956cd2079b28d473791b
15 0 00000000 e90e27c3020d25dd76bb31db0358e9c6
16 2 02880940 a1393437aac09108d627bfab5d10d45d
