1 2 02880940 5019f979a6a360963a5e6305a3a7adee
2 0 00000000 e90e8c13288718055216163257dea99c
3 3 02942699 98fc1afc8dec9773b10c2418bc64b141
4 0 02954340 48052012e0500fb5a52821bf1aa3b19a
5 2 02880940 11547e8d8f143557525b133235812833
6 5 03642806 ce13a85fb71694fcb611830890d7aa97
7 2 02880940 1b4d7803a3298f8477bdcb8816a3fac9
8 0 03211117 3c4c7ec7ffdfec50f39105e1e4d2e270
9 0 02954340 c1436c38beba0005284432ce2f42f498
10 0 02954340 c7122c44495a5ac6aceb0fa31f18f016
11 0 00000000 387429f609793f9dba5342d638d0c267
12 0 02992529 21056b8560bdd1a9f63375fea17cbfe4
13 0 03211117 217e2634c55f240c18533b168bff8839
14 0 00000000 b074f648cc99aca6fcb8d8c6d4df8143
15 2 02880940 3f56833e91054d2518e800f0d88f9019
16 0 02954340 a0fc32a763b57b85f0d11ae402ef940e
