1 0 00000000 1d7eb22189100710ca8607f540cc62ba
2 2 02880940 6816c12cc00a961758463a756b0921b5
3 4 02946921 7b643c8136a720d9db4a36333be9155
4 0 02954340 14df58bdedfbb41141edb96d309c9a23
5 6 03797390 85d5e7be548357baee0fa456543b8166
6 5 03642806 7d2718656efb3920d1954a7ac233ac80
7 0 02992529 79912d77eb2866af4e964633a1b1c39c
8 0 00000000 cbc1512b28e9ed382bef451de0ed6949
9 0 00000000 675a76195e608c749f817bf67854cc42
10 0 02992529 25152b4f593e5c0555940ab8fd747fc0
11 0 03211117 165531f6138b14eb107d63d06953370e
12 1 02876657 726a6ce68bcb4b2d14513156cf2b8d0d
13 0 03211117 5e7034ba47012cf088c7562a134f5ac2
14 6 03797390 a3cd44bbd3ba5b019a4cbf5d3b79df06
15 5 03642806 490245e63baf78fb1bf5877a865437f7
16 0 02992529 2266b891f080ad7eeb2a3da43bd37462
17 1 02876657 caa8379f21c74f611f058bf0578300
