1 3 02942699 5334cfe15f80099f15ac67104577aee7
2 0 03211117 7e3d087ac72e46c2e53dd9bb27ba3c50
3 4 02946921 a70947df1f1490c2a81ec39fd9664e9b
4 0 03211117 7dd5b5e5fbb63466ce4aeb2e2812e0bc
5 0 00000000 cd89b45698f631a6a0975a87469abb37
6 0 00000000 aea16490befe0ce676e9713f57a5fcb6
7 2 02880940 be3c2533130dd3da55f46d55537192b6
8 0 02992529 c6f62eb51d1750497dbf89b54afcec5d
9 0 02954340 13295f09e0e9e5d4a6e67635b9d1cee5
10 0 02954340 1fc6f3aebca014ab19ba010ddb4974fe
11 0 00000000 590110ef2859bc70a3063540dfdfeebd
