1 0 00000000 cd1e74f430acfaf0504721639e19f609
2 5 03642806 b28638f8c153b9333639bdeac6c4cb9a
3 2 02880940 b69e25e7ab9b829215b14098c484b7c1
4 4 02946921 3a9041d7aa0b4b9ad9802f6365035049
5 5 03642806 5be7aff08cd8dc37253cd18ba2e1c61e
6 0 02954340 8b2951e32e0906bb5f6cb4951755315c
7 4 02946921 d052c17866cf5cf8387e8ce4aad01a52
8 0 02954340 89717260f663fe13a9d8b37b5c73935c
9 0 03211117 3b188e87ba5f109e377cf79903309074
10 5 03642806 7f75b94bd59d649958dd315c54df0c15
11 0 02992529 5f4c8cb8b3feae768c641604807c82a
12 6 03797390 15bd6225c209a8e3654b0ce7754570c8
13 0 02992529 c1ae3b758aa9ea5e6dba92a4e2177102
14 3 02942699 5334cfe15f80099f15ac67104577aee7
