1 3 02942699 4852ee95e7bd8556c60396a717ba6c7e
2 5 03642806 d380e53dafa66c1a86a7e0484f5238e4
3 6 03797390 8b1dca1414ba88cb91986c63a4d7a99a
4 0 03211117 5c67f17ab9c9db50fcf74172442ff5b7
5 5 03642806 62cf794fb5fb174aadbfb30d8d1b297e
6 3 02942699 46c09085e451de8fc3c192db90697d8c
7 0 02992529 8873af9392bc7506f1cb19f636b1c2bd
8 5 03642806 6ba2cdd89db562a08329485eab7078c4
9 1 02876657 1349b2169a97a0ff54e1b6f41fdd78a
10 0 03211117 877cadd597775369ec059109909662d2
11 4 02946921 baaa4b9538caa7f06e20028ed3cb196e
12 0 03211117 5880abd2815da0492fc6a8cbc82a5bb1
13 0 02992529 ce0ad218c6b19e76e7eb1b9b386befd
14 0 03211117 7621d8ca26b9296b104dc10235c6ecca
15 1 02876657 ca2341f33cd4995dae7fdc0845a47bf5
16 0 00000000 151d033af5381fd4c1e1e64c8ea306ea
17 0 02992529 16ac60220ed738901cfeae953cc2339d
18 6 03797390 645b0e2ef3b95979204df312eabf367f
