1 0 02992529 53ce93c96d480cc4da0f54fde38627c3
2 0 00000000 a1eeab052ed7be831082f2ea630bf69e
3 0 02954340 7cf439aa8382299047765668cf4023ed
4 3 02942699 a600991b042b2d5492348cc032adf089
5 4 02946921 295be2a01cb9f29b716714dd1fd945b7
6 0 03211117 3017481ad6a978393eb1d3da560687e9
7 0 02992529 6449223cebdb2dc9c8c3ac9bcbcd9687
8 0 02992529 1d53adf8f82d223db0a79e28606cb167
9 3 02942699 936a458fdb8eb12171dc2053392a6e6f
10 2 02880940 ab2fd38fc4f37cce86bbb74f0f607cdd
11 0 02992529 2bb42eb0676116d41580700c4211a379
12 5 03642806 34715b469341fd4ce4b68d3b17c43658
13 0 02954340 9c225cd8f50b7c353d9199581d0f4b4
14 1 02876657 3a6fae97b5fa5cbb3db8babb13da5441
15 0 02954340 d7de36db04c61722a52821bf1aa3b19a
16 1 02876657 758fb2cab125eb6b153b368d6f14e275
