1 3 02942699 51176ec8f251800165a1ced01089a2d6
2 0 00000000 5f3af8ff93de34c9e7922afdefd88b6e
3 0 02992529 af3c1e4367942543264e721f309fb873
4 4 02946921 ac0eafed7aa1719b297d1fadd26a7035
5 0 03211117 8826871281dc12951072594c80fb7e4e
6 5 03642806 20d42e934260b59c53c0c910fd6231ef
7 4 02946921 a5bab9546d6a1baa33ff264b2ec3aaa9
8 2 02880940 3f56833e91054d2518e800f0d88f9019
9 0 02954340 a0fc32a763b57b85f0d11ae402ef940e
10 0 00000000 699a8b91af86f5a782db9fca4b68095
11 4 02946921 9effd38015b7e5ecc34b900bb2492e
12 4 02946921 bea7315d4410d0ce83b1cdcee646c9a4
