1 3 02942699 d5624d29159a4cdb7e1c85c5c15da7fb
2 0 02954340 c1436c38beba0005284432ce2f42f498
3 0 00000000 5f3af8ff93de34c9e7922afdefd88b6e
4 0 02954340 9c225cd8f50b7c353d9199581d0f4b4
5 5 03642806 ca98fa6fe9c91b8b8b0a7ba4456e7659
6 5 03642806 4348768ff9802fc5ce1decf313ece97f
7 0 02954340 d7de36db04c61722a52821bf1aa3b19a
8 3 02942699 6ed69b00b4632b6e07718ee10b83e10
9 3 02942699 db663e3f7ee9869f5c351e299b24e355
10 0 02954340 c7122c44495a5ac6aceb0fa31f18f016
11 0 02954340 89717260f663fe13a9d8b37b5c73935c
12 4 02946921 7b643c8136a720d9db4a36333be9155
13 0 02992529 b854fc846c1fc2ba619a006c72381476
14 2 02880940 2a1e9b5c0cead676b8183a4a81361b94
15 0 03211117 87fb8857bf2bd3a7420ada7b49a056b8
16 1 02876657 89b12196a1db5a74bb8058680b6b9460
17 6 03797390 c2eacc521dd65bf7a1c742bb4ffef210
18 6 03797390 1d18255a04d22794e521eeb8bb14c5b3
