1 3 02942699 5334cfe15f80099f15ac67104577aee7
2 0 00000000 a8d6e75a7d2712f3fcb8d8c6d4df8143
3 5 03642806 195e2a65e5396271bc7eb7ec22211551
4 6 03797390 ca198dc3f7dc0cacec6338171298c66b
5 5 03642806 9e901676eeb65f352b1c9d869bc37167
6 3 02942699 657a650215e453846f90fff80f29e77d
7 0 02992529 b4795b53530c26c58b13932a0c28e98b
8 5 03642806 151fccb37c2d51b0b82fa571a1cdbf24
9 0 03211117 5286df5fdb7ab5cf403c2939fca0114
10 6 03797390 1a97f3c83016abca21d0de04f408950f
11 1 02876657 cbc1cbc9cf65e9c2fd1d6016d24cc8d
12 0 00000000 7701180906a0aa156a7ae841f1f88f87
