1 6 03797390 68f4428c0b38ae0e2469963e6d044dfe
2 3 02942699 46c09085e451de8fc3c192db90697d8c
3 4 02946921 129880fda38f3f2ba1ab68e159bfb347
4 6 03797390 a0c78f254b037f88933dc172307a6bb9
5 0 02954340 89717260f663fe13a9d8b37b5c73935c
6 6 03797390 642eb7c42ebedabd223d193f5a188983
7 0 02954340 6cfb76b40fc41da2a6e67635b9d1cee5
8 0 03211117 5e7034ba47012cf088c7562a134f5ac2
9 6 03797390 3d1754b7cb46c0ce5c8081810641ef6
10 4 02946921 343287cd508a798d38df439574e01b2
11 0 02954340 18387b36aa7b2d4af0d11ae402ef940e
12 0 03211117 6fa8694a2b5dd0b9db768007c05f817
13 5 03642806 69850d70fcaf5a464161e123a102b12b
