1 6 03797390 3d1754b7cb46c0ce5c8081810641ef6
2 5 03642806 9cb17f33ba3c057255d5baa5be4ca05
3 5 03642806 5363c4a882e17c9088557758112e80be
4 0 02954340 30be60f95e2a3b47a6e67635b9d1cee5
5 0 02954340 1fc6f3aebca014ab19ba010ddb4974fe
6 0 03211117 51fcf8537a132b789058e0e56fa89a94
7 0 00000000 b10a04b6b2e6bc42948046fa63441a28
8 0 00000000 b9c8536f91ec3bcd3aff44a57f77b39
9 0 00000000 9f938cb5771d594580cbbabb0edf7284
10 1 02876657 af4ff1c4a94383e9ca017e2245ec1dae
11 0 02954340 a1494210f6774b87b3e0e60b857dde8f
12 4 02946921 3c8af6b0aeaf13c2abf4b6b757f4f768
13 0 03211117 1d9f55b1651c5190a3f4a96ccd277d49
14 5 03642806 b233163860361eda8cfacef5204026d6
15 1 02876657 109d55a137c042f5760315ac3bf2c13e
16 6 03797390 2852b888abae54b0e3523e99fd841f4
17 4 02946921 788094fbf1a523f768104c9df46104ca
18 0 00000000 a4274a5db19db1ed7c8a96b42661aee8
19 3 02942699 82819e1201d2dc583a3e53900c6cbba
