1 0 00000000 6ccb43088eda061dbfc838749f053cf9
2 5 03642806 5508b5ce2820e4c36efcef06c0770d26
3 0 00000000 1c05f1a7125402ea4c135b40422475eb
4 2 02880940 9a6cec1cfca7e8b5ebc583f22bd58b85
5 3 02942699 a9408583f2c4d6acad8a06dbee1d115
6 1 02876657 8099b9d546231dd27b9c6deef486a7d8
7 0 02992529 8ec44fb44e4a3224795284068bb430b2
8 0 02992529 46261b630244bdda533775ea6714a372
9 1 02876657 77a2242bf4ea8f9fc02fe00a7187a6a9
10 0 02954340 3957332e2d23ff61ce2704286124606b
11 2 02880940 441cac4bae5c7c315c2a2c970803cfe2
