1 0 02954340 dc3e5c0457defe87a52821bf1aa3b19a
2 3 02942699 39419e462f08dcbdc98cccf0d0f53d7
3 4 02946921 38dd2a8d2c984e2b6c1cd53dbc9f7b8e
4 0 02992529 864b69db6dfc4bd0d4b4ae2ff4c58b57
5 0 00000000 a708a75b3727b12fcb8d8c6d4df8143
6 2 02880940 ce48ffb418b99996912a38ce5826ebb8
7 0 00000000 1342fc4f613687f92569b963af585e33
8 4 02946921 af444e72a44e6db153c22afefaf6f2a4
9 0 02954340 14df58bdedfbb41141edb96d309c9a23
10 0 03211117 5e7034ba47012cf088c7562a134f5ac2
11 4 02946921 97ca02ee1e7b8efb6193d9e76bb15876
12 1 02876657 bd6fdeae09b3c00c3ea96ac97db63fa8
13 2 02880940 6a772d12b98ab61dc26651d9d35b77ca
14 2 02880940 aeec00d8dd6e196451a2ad3de1977657
