1 0 02992529 b1537f1eabb7f5009f7477e2986c440f
2 0 00000000 2f988bec20218fa19a6e43b878d5b335
3 5 03642806 6103fd8c11413be975e42c1faa1148bb
4 0 02954340 357c2a333ffefc3e90f80ab08ae6ce2
5 5 03642806 5678a2173ff575d09cebe817bc1591b3
6 6 03797390 5fe74baba21bba7ca4eec1b19b3a18f8
7 1 02876657 323705d1a8505cdb498751cf10995c30
8 0 03211117 74a99b32b562fcea7fa29a3ea424473
9 6 03797390 9196f53a0d4be2806ffeedd41ba624d6
10 6 03797390 57f73714cbc425e44ae022a8f6e258a7
11 0 02992529 db058088ec098d9bdfbc59eb47b047b3
12 0 02954340 254e230d31a62470a52821bf1aa3b19a
13 6 03797390 bed29baf625ce9145b68309557f3a78c
14 0 03211117 481a1dfe44babb3892b08e504d6ff5ca
15 0 03211117 5cb4fac8452906f66ba14bfd91a75020
16 0 00000000 1a680e3308f2aac544b2fa2cac0778f5
17 0 03211117 6dab3e32b5cb52f1d67173c00f9e1676
18 0 00000000 c3a5009c4867f7293c8d0fdfb1cc2535
