1 0 00000000 e0e7905f91530fcc633c3142a206ef4b
2 6 03797390 649a51c711dc7f3b32e150233fdd42e9
3 1 02876657 73632ddb4a5684503594b3be653e6bff
4 0 02992529 ba21b515df2f8a8f19db431d2a67219
5 6 03797390 9c930a8a3411f069e7f67f334aa9295c
6 0 00000000 99efb45cf927a0c62cd2160e449d45ae
7 0 02992529 388798a892636235d2a526c0a7ff71e
8 0 02954340 8338e10954ae6c5296b84415a3f1393b
9 3 02942699 483c387d6886e603314b44839465ec00
10 0 02954340 6c607b6b3d6fc1cdf0d11ae402ef940e
11 5 03642806 13330d1e7b199dd82530b9c2b65d3f86
12 0 03211117 64abc0ca2670818e441f5bb6f88ca61
