1 2 02880940 4eefe941048189bdb8046e84ebdc62d2
2 0 02992529 3921288228020482b305960cf7a7281f
3 0 03211117 25a09a149d018bdcaa95bf474e195f02
4 0 02954340 7cf439aa8382299047765668cf4023ed
5 3 02942699 317a7ea24e661ce3bfc146552c7aa5d2
6 6 03797390 6d2657c640e97c4dd4c0c1a5a5d9a6b8
7 3 02942699 21f65f53f74f1b58de8982fc28ddacc3
8 3 02942699 9b4953f653bfdd40ea41ceac179ca4d4
9 0 02954340 60104a0945f83b063f30fadefd6911f2
10 0 02954340 40f0c6599f0be25fce01c07526cf2aa4
11 5 03642806 25192ef0befdd75d291d2d0d560233f4
12 0 02954340 a1494210f6774b87b3e0e60b857dde8f
