1 4 02946921 d3e24e7712e1e82dece466fd8a3f2b40
2 0 00000000 1c05f1a7125402ea4c135b40422475eb
3 1 02876657 33dcf806c673d958f4bdca145ed48dc6
4 2 02880940 ce905d4381d4daf65287b12a83c64b85
5 5 03642806 7c1eb7cc7dbdb68268981420d1da6237
6 6 03797390 7223820f07fd6b55e453535335057818
7 6 03797390 403fb4eb4fc6235adf0c7dbe7f8f4c8e
8 5 03642806 6d88f11ac37f07a86a7e0484f5238e4
9 3 02942699 db663e3f7ee9869f5c351e299b24e355
10 4 02946921 203c5e929d588d07c6754428123c8a7b
11 0 02954340 3957332e2d23ff61ce2704286124606b
