1 5 03642806 97be95bc027c84da5a7ade0e7a3afdc8
2 1 02876657 681e91bbadebeac529471183b63392dc
3 0 00000000 3dbda789bc59a5f99246ea0301684d80
4 3 02942699 15e72ce7a8a328d1fd9cfa6c7f5305bc
5 3 02942699 a9408583f2c4d6acad8a06dbee1d115
6 5 03642806 62b25a5e3119b8409023147b38c03c9f
7 0 02992529 692e46bc27bcdcebbdc2330c91f5a859
8 4 02946921 295be2a01cb9f29b716714dd1fd945b7
9 0 00000000 e93f10a58e0da99bb2920cf5c60c4da3
10 0 03211117 2f1975216fc24c5e572bfae97b5793b0
11 0 03211117 30fc571d408b84cd6315023d0bef39b6
12 6 03797390 9af98540f45411467246665d3d3724c
13 1 02876657 725c3906071ecad52701ea82a42c662b
14 1 02876657 c61edfb672986ee48a9393b5e735dbde
15 3 02942699 936a458fdb8eb12171dc2053392a6e6f
16 3 02942699 4852ee95e7bd8556c60396a717ba6c7e
17 0 02992529 864e5512dd35164b2d477e233bc97afe
