1 2 02880940 c25fd49b75c12ef86bbb74f0f607cdd
2 6 03797390 7d6baadd51d0703455da767dfc5b748e
3 6 03797390 99eaa69cf6fe8811dec712af445786fe
4 0 03211117 37ed0bdf52f2eaa83c5474c35497dc65
5 0 03211117 2c4bcdc965d6de30cfe893744630a6b9
6 2 02880940 3152c7a0e8ee4356314eed4e88b74a21
7 5 03642806 90c01fd78513bb99c9b20aa1b8066c46
8 2 02880940 1fbb9f70d081630e638b4be15b07b442
9 2 02880940 292d2dda9923752f3e275dc4ab785b9f
10 0 03211117 5f2048a8af029336a186ecbc0474571d
11 3 02942699 b42c3da473bb4226dbe4bc54590e1d59
12 0 00000000 ff18697f9ce909311082f2ea630bf69e
13 1 02876657 1d4093ad2dfad9df24be2e4f911ee4af
14 3 02942699 a8961c59576972cb57682b709eb0ab19
15 4 02946921 a70947df1f1490c2a81ec39fd9664e9b
16 0 02992529 4c9760ac0bbd2003151c744078238922
17 0 02954340 13295f09e0e9e5d4a6e67635b9d1cee5
18 0 03211117 1a98ee5b62f49c95f64616b54f9ba882
