1 5 03642806 67e4cc8e13aa863cc418dd4d8b66af83
2 6 03797390 73b8b6456221f4ea20d3c05c08e26f
3 3 02942699 e67273eff31fabce656c3a28e34d04c4
4 2 02880940 b5d81a5bbbb8efe7c785f06f424b9d06
5 3 02942699 317a7ea24e661ce3bfc146552c7aa5d2
6 0 03211117 631ebdea5af51e499399ee63318a21b
7 6 03797390 89bd0dff1b386ebed6b30d74fff98ffd
8 1 02876657 ca210c6696357f98e8ec08b84f068b50
9 1 02876657 cc48fe97a95e8716ccaa5ad584801c3e
10 6 03797390 c60f62684618cb52a4136492f17b9a59
11 4 02946921 203c5e929d588d07c6754428123c8a7b
12 2 02880940 4227b58665eadcefc0dc3ed657ab97f0
13 1 02876657 7a82a497bc4d10511d385f351a1d14c5
14 0 02954340 3dec0d851cba045fbf444790f25ea3db
15 1 02876657 5ca994bd512be485db3bac7ad77ae88e
16 0 02954340 18387b36aa7b2d4af0d11ae402ef940e
