1 6 03797390 ca198dc3f7dc0cacec6338171298c66b
2 0 02954340 a0fc32a763b57b85f0d11ae402ef940e
3 5 03642806 9ddc0f876f54a784f3655a2ce983ab1f
4 2 02880940 5bb12905529c85359d3d767e1bc88d65
5 3 02942699 a600991b042b2d5492348cc032adf089
6 0 02954340 14df58bdedfbb41141edb96d309c9a23
7 2 02880940 782aa72e7f14975b39d764edb37837d3
8 0 02992529 3d5487efc1d3442ce81f45a785365b0f
9 0 03211117 4476577ff4776f5fa3ca88ef9e9610f4
10 3 02942699 935fc76352a4d5fd72a90fe1ba02202a
11 4 02946921 efa4c58192cc5cf89e7b86262150f
12 2 02880940 bb7586ebee0dc2be4e346ee2650d150
13 0 03211117 849b58834fec864c34794e47f2eafa39
14 3 02942699 97cd28c085e3754f22c69c86438afd28
15 3 02942699 c9c9ffd08af8b268b52759c2c2fc0d1e
