1 6 03797390 cf777e14ca2c7a19b4aad3cc5ce7ee8
2 2 02880940 260545503087dc5186810055962d0a91
3 0 02954340 d7de36db04c61722a52821bf1aa3b19a
4 3 02942699 58e9faa223142b7fd5af42f3e1f05e3f
5 4 02946921 a70947df1f1490c2a81ec39fd9664e9b
6 0 00000000 87254ebbd9e57bb84dd6c3274cd9823
7 4 02946921 9effd38015b7e5ecc34b900bb2492e
8 1 02876657 948e374b08979da230612f5c0ef21eb8
9 0 00000000 88ea703e063e715d6770da39e2737f95
10 3 02942699 317a7ea24e661ce3bfc146552c7aa5d2
11 0 03211117 324ef9fa783f6fa3a70ed7ac6903e853
12 0 00000000 95b6d674bd840b674817b69d2797a90d
13 3 02942699 17a010f0ade4d1fd83a3e53900c6cbba
14 0 00000000 9925355d4b0deff6247a5be450795511
15 5 03642806 606f4b61d81085d1adbb6cf5d72fbe37
16 1 02876657 595e22f425839eac2d4b0854f7611ed6
17 6 03797390 3093367916fb5216823323ed0e090a6f
